Proyectos/DeforestationModel/output/banda_nir_2015.asc
ncols         300
nrows         300
xllcorner     273000
yllcorner     9.548e+06
cellsize      30
NODATA_value  -9999
[rows 28 to 55 of 300, columns 126 to 188 of 300]
0.748705 0.674205 0.765967 0.811239 0.805596 0.725894 0.793622 0.718891 0.751151 0.635121 0.793436 0.648727 0.594501 0.602039 0.584387 0.668187 0.621397 0.570519 0.507404 0.615631 0.56951 0.572788 0.697433 0.727328 0.633701 0.523276 0.646879 0.629854 0.71478 0.633591 0.648268 0.58242 0.702298 0.687513 0.594943 0.612089 0.65414 0.596867 0.690338 0.744539 0.697082 0.425485 0.382972 0.394131 0.454811 0.688343 0.714323 0.698664 0.76548 0.771219 0.695797 0.735578 0.837596 0.714651 0.724527 0.70327 0.764716 0.638623 0.705996 0.651109 0.744236 0.774872 0.739191
0.682515 0.649247 0.71951 0.794135 0.750434 0.656806 0.690407 0.744234 0.719911 0.762405 0.715501 0.71505 0.724626 0.653732 0.62182 0.644479 0.65673 0.677081 0.665571 0.620299 0.508397 0.665003 0.602936 0.54476 0.585017 0.536956 0.676984 0.717823 0.682143 0.589915 0.624094 0.598241 0.603519 0.760075 0.743266 0.612625 0.688649 0.606047 0.643046 0.732584 0.653003 0.435306 0.467358 0.414156 0.413033 0.649089 0.730547 0.66276 0.69472 0.65505 0.733718 0.571548 0.685762 0.699138 0.64847 0.748231 0.697362 0.681109 0.643329 0.659181 0.713613 0.728319 0.733389
0.754169 0.760497 0.720938 0.745096 0.708033 0.757257 0.620949 0.640938 0.631254 0.742413 0.585978 0.589096 0.566883 0.565622 0.611233 0.643767 0.683518 0.581912 0.547341 0.583266 0.645314 0.712758 0.640567 0.639971 0.657179 0.623097 0.650466 0.496442 0.516548 0.578772 0.650491 0.5717 0.582436 0.660818 0.561857 0.660728 0.681021 0.642519 0.696375 0.712464 0.405516 0.469642 0.487654 0.544273 0.633915 0.714665 0.681423 0.750926 0.659444 0.754316 0.691246 0.790509 0.762563 0.726008 0.679351 0.719043 0.787395 0.728465 0.714407 0.690508 0.686581 0.625455 0.698717
0.747404 0.787466 0.691 0.731801 0.711598 0.808202 0.634482 0.73804 0.80083 0.734606 0.642616 0.531609 0.626971 0.574237 0.576387 0.659946 0.475452 0.596256 0.612028 0.612427 0.565662 0.541496 0.717962 0.640653 0.673985 0.618097 0.683514 0.678323 0.674254 0.605117 0.694023 0.610981 0.53663 0.554245 0.601378 0.738535 0.656965 0.573639 0.683116 0.630514 0.419626 0.437235 0.442283 0.503376 0.713352 0.697455 0.741283 0.728796 0.668615 0.649897 0.626055 0.715364 0.694797 0.743576 0.676194 0.816391 0.726683 0.680616 0.717878 0.66845 0.71282 0.774301 0.781365
0.672986 0.650479 0.750278 0.718418 0.681476 0.687616 0.676856 0.606255 0.709787 0.672823 0.586156 0.649694 0.639881 0.678605 0.618271 0.568275 0.59894 0.681471 0.635885 0.622478 0.680817 0.484833 0.683769 0.658676 0.618664 0.501591 0.587419 0.600139 0.658669 0.625412 0.645963 0.652346 0.724244 0.627246 0.58665 0.596974 0.609566 0.58617 0.707807 0.637738 0.40777 0.458886 0.490619 0.63947 0.733955 0.677631 0.730128 0.753647 0.706004 0.68191 0.7945 0.761671 0.810276 0.66682 0.691802 0.618018 0.662496 0.775597 0.751715 0.700423 0.681144 0.692972 0.763069
0.717693 0.71773 0.774048 0.651933 0.769981 0.837146 0.741545 0.739383 0.778443 0.707017 0.512438 0.617673 0.627843 0.650751 0.624944 0.648924 0.653805 0.675097 0.631621 0.609029 0.672135 0.541981 0.62126 0.662368 0.732163 0.57826 0.57484 0.663259 0.605309 0.654768 0.620324 0.679191 0.557595 0.744077 0.730959 0.58526 0.637013 0.57657 0.658239 0.650046 0.625142 0.444857 0.646626 0.632026 0.656429 0.68194 0.672573 0.742014 0.682126 0.707399 0.727339 0.690659 0.734825 0.694361 0.70819 0.673347 0.68254 0.698117 0.680859 0.812715 0.75795 0.722627 0.703305
0.779275 0.681295 0.731112 0.791052 0.655545 0.74985 0.695076 0.607581 0.804306 0.617121 0.6066 0.621326 0.6135 0.56151 0.706922 0.638767 0.678481 0.698266 0.619449 0.608665 0.671766 0.773581 0.709912 0.635512 0.628905 0.62892 0.619519 0.594038 0.64009 0.632179 0.630061 0.618462 0.578377 0.637822 0.600288 0.694316 0.566277 0.601316 0.548376 0.545915 0.475777 0.451033 0.780218 0.659687 0.746352 0.648894 0.697723 0.629664 0.7108 0.643761 0.710643 0.725448 0.801283 0.689382 0.754491 0.788462 0.572777 0.771573 0.736872 0.731274 0.753873 0.75612 0.74133
0.658116 0.820924 0.725367 0.632019 0.690109 0.751165 0.687346 0.659657 0.728131 0.595678 0.6544 0.612412 0.581469 0.55948 0.652752 0.592823 0.550328 0.56881 0.688779 0.672867 0.554579 0.666447 0.697665 0.605136 0.570462 0.621785 0.595295 0.623396 0.584047 0.696264 0.637531 0.700194 0.655028 0.568734 0.592042 0.607675 0.646356 0.613061 0.668015 0.672145 0.420545 0.653171 0.696311 0.696093 0.612772 0.630988 0.647065 0.716391 0.67304 0.756387 0.778312 0.793244 0.674655 0.777272 0.724145 0.694423 0.753369 0.817005 0.689999 0.700466 0.637738 0.663519 0.780538
0.809265 0.64398 0.804489 0.747324 0.760734 0.765167 0.700272 0.786548 0.829796 0.650645 0.678454 0.620033 0.594619 0.660579 0.584997 0.55093 0.576802 0.698376 0.636828 0.560703 0.651399 0.57126 0.663346 0.669826 0.67427 0.608289 0.678709 0.644142 0.613321 0.680596 0.708089 0.682127 0.696855 0.575507 0.452649 0.607736 0.554899 0.576587 0.685373 0.687436 0.452004 0.636276 0.708787 0.765245 0.769217 0.586751 0.764281 0.755801 0.766037 0.790653 0.789217 0.67958 0.725353 0.670047 0.720904 0.790418 0.768291 0.762152 0.607867 0.69921 0.727403 0.805565 0.68275
0.771473 0.660401 0.766394 0.701003 0.733243 0.802261 0.708753 0.806959 0.552609 0.682098 0.608396 0.640759 0.574362 0.664666 0.68733 0.584863 0.652952 0.580846 0.56069 0.627243 0.767038 0.582965 0.555015 0.562118 0.693796 0.750696 0.633209 0.683581 0.734649 0.612521 0.640969 0.629601 0.653406 0.620747 0.572561 0.676427 0.635394 0.622311 0.608966 0.568946 0.682372 0.639434 0.61722 0.699892 0.722793 0.68922 0.700217 0.695612 0.774439 0.636283 0.742048 0.710563 0.652269 0.703854 0.731543 0.678013 0.722302 0.725601 0.648267 0.68165 0.750657 0.708382 0.656277
0.730985 0.700226 0.748904 0.755704 0.735538 0.676175 0.81099 0.690309 0.677037 0.579581 0.639151 0.647949 0.569763 0.610858 0.630558 0.653337 0.643991 0.613269 0.692826 0.589988 0.576261 0.632173 0.682725 0.659575 0.587716 0.697905 0.711023 0.582562 0.610877 0.60282 0.630732 0.638587 0.635913 0.565153 0.710532 0.62697 0.607384 0.679405 0.62962 0.677491 0.637982 0.673575 0.79001 0.714277 0.682832 0.745186 0.643667 0.699431 0.831928 0.747105 0.726022 0.774263 0.769113 0.79175 0.758043 0.772831 0.811512 0.688696 0.704144 0.773677 0.767495 0.780825 0.737912
0.698774 0.660808 0.674878 0.715985 0.737936 0.707646 0.713954 0.753409 0.711058 0.611161 0.685386 0.681033 0.579011 0.670391 0.702327 0.603178 0.619556 0.583642 0.637932 0.578687 0.599323 0.558443 0.579601 0.644234 0.630451 0.570561 0.606772 0.593004 0.678706 0.574745 0.535389 0.694022 0.597992 0.529606 0.59826 0.651439 0.617272 0.693599 0.715016 0.570537 0.610764 0.708552 0.798092 0.627093 0.687071 0.638074 0.720625 0.738659 0.669684 0.708416 0.803309 0.713008 0.790006 0.729018 0.718431 0.71114 0.653292 0.734708 0.746751 0.678949 0.67519 0.794881 0.738617
0.735301 0.755464 0.687172 0.754699 0.778188 0.711032 0.799027 0.693458 0.520244 0.61711 0.688678 0.673596 0.593082 0.593043 0.739621 0.708807 0.55476 0.586124 0.614721 0.602129 0.588212 0.616204 0.633421 0.642603 0.566187 0.61557 0.654996 0.662857 0.651386 0.689698 0.645522 0.649327 0.613048 0.655854 0.618612 0.640678 0.6795 0.645796 0.602271 0.564428 0.642326 0.704107 0.742627 0.775852 0.71326 0.775473 0.667354 0.731086 0.69821 0.716325 0.740523 0.829253 0.677005 0.629879 0.70355 0.764227 0.724941 0.756248 0.774176 0.708297 0.690638 0.733689 0.680172
0.744074 0.683765 0.736502 0.665698 0.802187 0.659265 0.710177 0.719604 0.722869 0.55503 0.610475 0.621109 0.646345 0.520326 0.654254 0.6468 0.530559 0.703572 0.689446 0.622661 0.661689 0.587542 0.626976 0.709016 0.704823 0.687247 0.710388 0.629885 0.664956 0.676118 0.619279 0.747789 0.659799 0.625592 0.663693 0.545872 0.59843 0.651371 0.638693 0.599854 0.660149 0.672429 0.716396 0.700374 0.767482 0.722634 0.715376 0.640608 0.699539 0.703511 0.718042 0.732338 0.779258 0.668877 0.616817 0.647975 0.611786 0.693628 0.650607 0.754081 0.719037 0.786241 0.681206
0.689995 0.786222 0.687847 0.696559 0.780649 0.758715 0.765014 0.750475 0.675654 0.606975 0.621627 0.627023 0.648349 0.548632 0.701006 0.696082 0.784421 0.633076 0.60697 0.616315 0.664961 0.657175 0.686148 0.5652 0.532157 0.75326 0.628205 0.702367 0.673795 0.588108 0.643785 0.623481 0.475768 0.676233 0.643292 0.578502 0.60711 0.624306 0.594593 0.664498 0.696625 0.73684 0.740014 0.716187 0.772691 0.719289 0.678646 0.679117 0.696515 0.71785 0.718322 0.672019 0.714662 0.656411 0.704307 0.793749 0.718645 0.79617 0.718747 0.695287 0.714162 0.587094 0.752751
0.746151 0.71733 0.673543 0.664464 0.708183 0.708888 0.671149 0.690352 0.668929 0.692522 0.681944 0.538311 0.732154 0.620729 0.56174 0.626683 0.636259 0.639916 0.550809 0.656348 0.59912 0.598078 0.596126 0.620901 0.716208 0.711832 0.570919 0.653046 0.616523 0.697183 0.581646 0.747514 0.683449 0.634516 0.628885 0.640893 0.516659 0.62929 0.761119 0.628763 0.554691 0.754479 0.645541 0.681528 0.687638 0.756248 0.673955 0.750526 0.653437 0.719842 0.640898 0.720371 0.613061 0.729497 0.755685 0.713046 0.698086 0.777223 0.650968 0.692549 0.677167 0.767924 0.761261
0.690997 0.710226 0.702423 0.667343 0.814086 0.703645 0.702695 0.725575 0.671323 0.648609 0.735171 0.573192 0.607625 0.776365 0.570987 0.647289 0.711357 0.578729 0.723854 0.571213 0.624518 0.701602 0.593296 0.691368 0.66102 0.670731 0.638749 0.679498 0.693205 0.665931 0.674336 0.614818 0.586643 0.578191 0.645146 0.573377 0.58907 0.648791 0.660387 0.645769 0.682622 0.723869 0.739983 0.713618 0.738418 0.670762 0.767256 0.715213 0.715955 0.724664 0.709768 0.679711 0.717803 0.6782 0.75393 0.767303 0.721689 0.729916 0.660361 0.754834 0.678255 0.676128 0.659367
0.768941 0.644334 0.682336 0.778238 0.764779 0.698111 0.79843 0.746204 0.628577 0.586338 0.589034 0.668489 0.626792 0.693565 0.703163 0.623665 0.616011 0.680788 0.687072 0.656007 0.578857 0.626545 0.656177 0.556855 0.714113 0.641354 0.586149 0.617435 0.55494 0.696938 0.623837 0.564793 0.672792 0.606442 0.575316 0.615194 0.572744 0.623146 0.5548 0.580391 0.634095 0.78038 0.692753 0.800721 0.738499 0.704408 0.720418 0.707195 0.718755 0.721961 0.808116 0.766547 0.702029 0.768599 0.666692 0.698366 0.716658 0.730663 0.710111 0.789205 0.718199 0.633936 0.725187
0.442744 0.650394 0.790777 0.628615 0.675503 0.684587 0.710561 0.675725 0.597185 0.592964 0.637181 0.680504 0.708187 0.692109 0.673284 0.631203 0.563224 0.637607 0.630292 0.586363 0.643289 0.643184 0.710615 0.609174 0.6694 0.591082 0.661521 0.618671 0.664784 0.560886 0.623998 0.64593 0.706706 0.654292 0.62463 0.670519 0.549495 0.67483 0.567066 0.667165 0.612551 0.738197 0.790767 0.744948 0.751546 0.724202 0.684714 0.742197 0.801458 0.732571 0.708555 0.731423 0.80629 0.703317 0.646351 0.681685 0.703194 0.678125 0.794765 0.651146 0.728505 0.719808 0.750864
0.469171 0.49322 0.668043 0.763224 0.671122 0.701109 0.725852 0.608895 0.661747 0.619219 0.646466 0.605398 0.594549 0.611624 0.681687 0.588584 0.640728 0.642662 0.682277 0.610029 0.632471 0.601405 0.58166 0.650058 0.681849 0.543694 0.592971 0.640169 0.601447 0.797976 0.603328 0.632976 0.570671 0.666209 0.724072 0.589274 0.579697 0.632046 0.655805 0.657986 0.594616 0.745316 0.751911 0.678224 0.675614 0.75174 0.734219 0.741911 0.698991 0.80238 0.782944 0.732024 0.787386 0.682584 0.799612 0.757445 0.764444 0.689994 0.772624 0.684828 0.637516 0.751604 0.758059
0.425888 0.455811 0.696571 0.773398 0.685932 0.674146 0.771594 0.78114 0.608063 0.598214 0.774274 0.576523 0.67753 0.616137 0.654503 0.598918 0.69477 0.623717 0.702864 0.661857 0.544451 0.637529 0.729201 0.659515 0.575706 0.698441 0.695587 0.649408 0.710599 0.686988 0.706313 0.71301 0.605248 0.578519 0.706197 0.673192 0.691203 0.624485 0.549127 0.66335 0.662969 0.753644 0.752411 0.729699 0.671917 0.738866 0.756095 0.807001 0.588065 0.743201 0.747984 0.771242 0.731733 0.708698 0.751638 0.695032 0.763874 0.756089 0.747456 0.64799 0.773078 0.787045 0.707253
0.435341 0.471764 0.435126 0.80363 0.712293 0.724686 0.681853 0.753574 0.607889 0.69246 0.625851 0.566856 0.68933 0.63232 0.56921 0.573455 0.647904 0.650324 0.660084 0.619342 0.609069 0.610177 0.619176 0.570739 0.635251 0.628582 0.692713 0.644389 0.626079 0.607709 0.663817 0.627909 0.585076 0.655049 0.62523 0.690219 0.596361 0.555619 0.672166 0.683067 0.625148 0.678718 0.662255 0.746227 0.68323 0.81284 0.721632 0.7642 0.768654 0.702556 0.707712 0.808018 0.715867 0.623055 0.772328 0.793642 0.735253 0.813639 0.822452 0.635147 0.646417 0.793299 0.739685
0.492546 0.421545 0.503662 0.371382 0.690107 0.758033 0.676451 0.681735 0.717925 0.544343 0.65812 0.690671 0.582881 0.620973 0.688574 0.626988 0.604385 0.676113 0.601123 0.726354 0.506802 0.632553 0.588754 0.748229 0.628378 0.703096 0.591902 0.663369 0.584436 0.713222 0.668947 0.663517 0.620619 0.682988 0.7221 0.567459 0.636397 0.602344 0.669261 0.620202 0.760655 0.661956 0.761871 0.677527 0.716755 0.683256 0.799569 0.789898 0.690316 0.675307 0.794342 0.770881 0.746204 0.773989 0.739802 0.721301 0.746147 0.680886 0.731947 0.70726 0.713872 0.776783 0.656608
0.449978 0.419739 0.392635 0.387012 0.433266 0.748562 0.688295 0.724238 0.688429 0.575527 0.625662 0.641257 0.569918 0.574975 0.648762 0.605922 0.643211 0.619625 0.627987 0.647924 0.639337 0.616673 0.666562 0.637664 0.717071 0.609906 0.603493 0.635098 0.688581 0.656688 0.680917 0.562387 0.584047 0.583865 0.641978 0.680159 0.637998 0.640069 0.721786 0.688114 0.778732 0.629877 0.691476 0.637393 0.684892 0.649208 0.715535 0.674469 0.68973 0.800515 0.727076 0.70561 0.667477 0.753112 0.72124 0.648006 0.679422 0.709788 0.684624 0.683204 0.603055 0.759521 0.703709
0.426946 0.569414 0.503207 0.561913 0.494608 0.469715 0.703789 0.657103 0.756308 0.530375 0.624894 0.697581 0.586207 0.606345 0.579795 0.609759 0.586476 0.679646 0.585801 0.706586 0.631445 0.697451 0.614287 0.792938 0.643254 0.628509 0.635683 0.696047 0.754018 0.68625 0.57488 0.588886 0.586674 0.673402 0.631862 0.661133 0.636094 0.702048 0.556623 0.588568 0.728009 0.616026 0.754009 0.681555 0.688108 0.69944 0.702159 0.74896 0.656529 0.750685 0.710912 0.686825 0.763504 0.74703 0.720235 0.695906 0.738911 0.736675 0.657788 0.540471 0.76273 0.670351 0.725537
0.852214 0.408721 0.448566 0.526124 0.534624 0.460906 0.406365 0.428692 0.770422 0.651428 0.612858 0.585576 0.601186 0.646445 0.620757 0.706524 0.550287 0.636711 0.65087 0.668893 0.641313 0.593971 0.617612 0.769106 0.624191 0.609401 0.727693 0.539108 0.665226 0.666203 0.582912 0.683293 0.609449 0.607601 0.715797 0.695317 0.65663 0.64776 0.669189 0.64857 0.645955 0.655954 0.729875 0.625816 0.702122 0.67557 0.719416 0.779696 0.751714 0.719989 0.726511 0.678715 0.732956 0.764478 0.747837 0.690098 0.662828 0.677472 0.639685 0.807676 0.661446 0.742056 0.666574
0.751342 0.401795 0.420097 0.409094 0.452556 0.547276 0.430789 0.507317 0.531799 0.716814 0.605846 0.726307 0.729686 0.653211 0.672018 0.522635 0.515325 0.544691 0.568419 0.688964 0.555918 0.673974 0.618487 0.660888 0.651322 0.654877 0.584994 0.637044 0.57154 0.566318 0.624746 0.62845 0.603013 0.635332 0.641679 0.641487 0.689706 0.669875 0.61826 0.683727 0.707797 0.796266 0.773227 0.635876 0.766358 0.759939 0.735091 0.812109 0.701104 0.734109 0.667783 0.751417 0.709921 0.72738 0.719201 0.756796 0.779701 0.645233 0.651661 0.662965 0.677104 0.707221 0.722739
0.615393 0.728087 0.60352 0.471334 0.396006 0.427057 0.383491 0.494531 0.416347 0.480685 0.641065 0.588033 0.678576 0.634524 0.735111 0.594199 0.739353 0.629103 0.638878 0.544863 0.737772 0.53156 0.549591 0.600338 0.594589 0.644127 0.54075 0.637132 0.653333 0.533082 0.556188 0.678401 0.56752 0.648847 0.579595 0.672779 0.612961 0.583896 0.582725 0.673725 0.701247 0.620231 0.722189 0.761322 0.744393 0.691983 0.673695 0.793641 0.718874 0.736255 0.668339 0.724219 0.741497 0.685567 0.697794 0.808417 0.661586 0.727687 0.707782 0.70795 0.62854 0.675658 0.735172
