Proyectos/DeforestationModel/output/banda_red_2015.asc
ncols         300
nrows         300
xllcorner     273000
yllcorner     9.548e+06
cellsize      30
NODATA_value  -9999
[rows 252 to 279 of 300, columns 62 to 123 of 300]
0.0211149 0.0409686 0.0534314 0.0249361 0.0599651 0.0329268 0.0432062 0.052673 0 0.05389 0.0284107 0.103677 0.0489114 0.0470257 0.0406261 0.0357699 0 0 0.0383551 0.0134071 0.038769 0.0397627 0.0332408 0.0435287 0.0342247 0.0364845 0.0119479 0 0 0 0.0196273 0.0561042 0 0.0221154 0.0451071 0.0463844 0.0166567 0.0359537 0 0.020383 0 0.0209901 0.0573888 0.0593661 0.0219699 0.0649168 0.0173396 0.0678553 0.019808 0.0159367 0.0625751 0.0768011 0.0299185 0.00638414 0.0211094 0.0598422 0.0490808 0.0334816 0.0190048 0.0603965 0.0280278 0.118327
0.0439119 0.0113095 0.0130226 0.0715776 0.0204211 0.058817 0.00129065 0.0671186 0 0.0500076 0.0731267 0.00553357 0.0171402 0.0153578 0.0405937 0.0106717 0.00708053 0.0700303 0.057833 0.008226 0.0515014 0.0369591 0.0137518 0.025758 0.00052215 0.0152962 0.037507 0.0138848 0 0.0150851 0.0170272 0.0508842 0.0435198 0.0482676 0.0016914 0.0902609 0.0276428 0 0 0.035409 0 0.0170532 0.0150298 0 0.0700741 0.00106646 0.0371638 0.00322156 0.0469905 0.000736073 0.0420904 0.0722234 0.0155775 0.023362 0.0517239 0.0512955 0.0814352 0 0.106544 0.0234466 0.13676 0.121395
0.0518345 0.0391635 0.0328616 0.0584906 0.00334148 0.0660742 0.0917062 0 0 0 0.0262836 0.0240129 0.0169517 0.0163809 0.0194705 0.0303458 0.040243 0.000465634 0.0317315 0.0328982 0.0369634 0.00373517 0.0234345 0.0113247 0.0706691 0.045087 0.0620588 0.0056172 0.0442208 0.0277414 0.0529685 0.00322222 0.0225454 0.0371389 0.0451934 0.0481799 0.0408587 0.0453381 0.0127341 0.0291075 0.0358801 0.0161284 0 0.00769873 0.0548716 0.0668835 0.0494933 0.00789811 0.0951365 0.0317946 0.0522315 0.0608721 0.00419881 0 0.0374209 0.0414054 0.0322581 0.0424955 0.062546 0.0172287 0.148493 0.108846
0.00381705 0 0.04784 0.0321792 0.0559775 0.060739 0.00225819 0.0258786 0.0580118 0.0503476 0.055705 0.02897 0.0520794 0.00704635 0.0364278 0.04904 0.0596955 0.00849145 0 0.0236316 0.0625845 0.0521691 0.0709573 0.036127 0.0285764 0 0.0441404 0 0.0256171 0.0439304 0.0422733 0 0.0472805 0.019711 0.0328632 0.0075982 0.0535683 0.0554287 0.0543926 0.0446343 0.021672 0.0544894 0.0478409 0.0125812 0.0223839 0 0.0658874 0.032874 0.0514341 0.0719498 0.0496339 0.0152238 0.0181855 0.0271313 0.0221081 0.0827317 0.0651911 0.0562751 0.0714364 0.112718 0.135061 0.160517
0.0514098 0.00507472 0.0188105 0.00393492 0 0.0639801 0.0251465 0 0.00037245 0.0231584 0.0412849 0.0659679 0.0702857 0.070727 0 0.013297 0.0274569 0.0500147 0 0.0302609 0.0207805 0.0302386 0.0415745 0.0212611 0 0.0723523 0.0777589 0.031711 0.0624339 0.108947 0.00550105 0.045752 0.0690815 0.000378692 0.0317691 0.0518335 0.0445171 0.0432394 0.0524463 0.0557448 0.0155567 0.0314129 0.054767 0.0429242 0.0610475 0.0192215 0.0540413 0.0459272 0.0320691 0.0735085 0.0644197 0.0612498 0.00622716 0.0477371 0.101302 0 0 0.0319881 0.15291 0.150067 0.120058 0.137145
0.0191385 0.0524492 0.0632751 0.0657426 0.0560904 0 0.00754837 0.0179284 0.0553498 0.0463786 0.0670636 0.00787969 0.000542146 0.0453787 0.0565696 0 0.0314339 0.0225442 0.0670256 0 0 0 0 0.0223706 0.00746284 0.00407331 0.00871545 0.0468448 0.00448932 0.0483848 0.0511916 0.0802598 0.0702542 0.0412241 0.0100865 0.0158662 0.0616238 0.0569972 0.0393963 0.0357089 0.00840716 0.0414925 0.000495476 0 0.0273734 0 0.0312596 0.0724056 0.0356588 0.00472262 0.0463456 0.0898216 0.0537393 0.0671618 0.0256469 0.064813 0.0679017 0.0213166 0.161584 0.13683 0.114567 0.156123
0.0289192 0 0.00502411 0.00877244 0.0438813 0.03717 0.0338862 0 0.0309786 0.039393 0.0349763 0.0147217 0.0326863 0.0118204 0 0.0227436 0.0376292 0.0321316 0.0406091 0.0336493 0.0540596 0 0 0.0255159 0 0.0497927 0.0517671 0.0477292 0.0102451 0.0212979 0.0287414 0.0244833 0.00898207 0.0053238 0.0653527 0.0243443 0.012129 0.0123904 0.0379625 0.097933 0.0316828 0.0749119 0.0350099 0.0362959 0 0.0687608 0.0737309 0.0907254 0.0759799 0.0450885 0.0378891 0.0707828 0.0495729 0.0497828 0.00861643 0 0.0670638 0.103228 0.135083 0.126925 0.143893 0.134885
0.026451 0.0413467 0.0582212 0.033231 0.0102112 0.0013862 0.0100963 0.0173591 0.0419095 0.0118289 0 0.0316852 0.0360728 0.0265008 0.0293488 0 0 0.0348577 0.141734 0.0647407 0.0431076 0.014049 0.0407469 0.0250673 0.0623129 0.0247563 0.0144586 0.0445931 0.0318331 0.0177991 0.0341119 0.0332477 0.087237 0.017274 0.0134308 0.058277 0.0290433 0.0162728 0 0 0.0140924 0.0487742 0.0553777 0.00905101 0.0679243 0 0.0543716 0.0093053 0.0277304 0.00552408 0.00634306 0.0325146 0.0587717 0.0423467 0.0221386 0.0460264 0.150701 0.12941 0.160673 0.0995393 0.100359 0.0605927
0.0204842 0.0624312 0.0608887 0.0400548 0.0527839 0.0339624 0.0443243 0.0620009 0.0133689 0.0226087 0.0602566 0.0227598 0.0215197 0.0477218 0.0775688 0.0275474 0.0130077 0.0419564 0.0305683 0.0648296 0.0118618 0.0664839 0.0197943 0.0709599 0.02145 0.0228937 0 0.0670134 0.0213014 0.0372757 0.0581566 0.0633225 0.0414007 0.0356287 0.00367823 0.0162939 0.0394888 0 0.0325019 0.0160081 0.0541642 0.0728416 0.0268318 0.036359 0.0652483 0.00863669 0.0463056 0.0828616 0.0356391 0.0614802 0.0749551 0.0805526 0.0419625 0.0465939 0.0104506 0.0456432 0.121454 0.133951 0.133495 0.141327 0.0589678 0.0550039
0.0249278 0.0883081 0.0355243 0.0437508 8.37287e-05 0.0277833 0.0597091 0.0282369 0.0307053 0 0.0111001 0.0158202 0.0801129 0.0427702 0.00627904 0 0.0308522 0.0236081 0 0.0172363 0.0380359 0.0247098 0.0191017 0.0307954 0.0387469 0.0455332 0.00763736 0.0197084 0.0337749 0.0713614 0 0.036142 0.0484194 0 0.0826606 0.00447861 0.0243345 0.020824 0.0677672 0.0506356 0.0609962 0.0675262 0.00457213 0.0344758 0.00933766 0.018604 0 0.0610047 0 0.0287207 0.0359454 0.0802025 0.0741112 0.0231329 0.0839071 0.171503 0.110173 0.136785 0.0932541 0.0657428 0.0351992 0
0.0217233 0.0615151 0.0231543 0.0281901 0.0270164 0.0106558 0.0424651 0 0.00900189 0.0282587 0.0681639 0.0216658 0.0478834 0 0.0490362 0 0.0101105 0.0319204 0.084652 0.0268275 0 0.0351851 0.0381632 0.0530327 0 0.0556524 0 0.0529972 0.0960001 0.0219762 0.0469242 0.072519 0.0274857 0.0211454 0.0070003 0.076006 0.0663855 0.0939801 0.0423176 0.0121666 0.0395275 0.0564631 0.039587 0.0670595 0 0.0382101 0.066138 0.069421 0.0342046 0.0689458 0.0307865 0.0429203 0 0.0307092 0.0336614 0.107543 0.0862083 0.171075 0.145755 0.0676123 0.0687764 0.000622146
0.0612479 0.0584906 0.0144488 0.0504484 0.0502371 0.0392384 0 0 0.021075 0.0248478 0.0299913 0.0572504 0.0384681 0.0072643 0.0295904 0.000634134 0.0711748 0.0412986 0 0.0212585 0.0949398 0 0.0237786 0 0.0202214 0.0244811 0 0.0411982 0.0442037 0.013155 0.027865 0.0168254 0.0466587 0.00887878 0.0617704 0.0813758 0 0 0.0428039 0.0444849 0.0592492 0 0.00802553 0.0363887 0.0629074 0.0506027 0.0361204 0.0381911 0.0216633 0.00878759 0.067811 0.0417784 0 0.0545439 0.127795 0.116474 0.164811 0.143333 0.0377759 0 0.0676204 0.000357621
0 0.055037 0.044626 0.0307676 0.0357457 0.0350997 0.101518 0.0834819 0 0.0555223 0 0.0161584 0.00600023 0.00805606 0 0.0601031 0.0327193 0.0254795 0.0260946 0.0313884 0.0394589 0.124984 0 0.00949771 0.0540953 0.067582 0.0188601 0.0506227 0.0589198 0.0316891 0.0346035 0.0739477 0.0156364 0.0105294 0.0391312 0 0.025913 0.0138803 0.0380134 0.0591002 0 0.0312086 0.0266562 0.0360089 0.0528361 0.0123923 0.00619844 0.0825112 0.0174677 0.0604135 0.0977074 0 0.0774595 0.134028 0.156629 0.139752 0.165349 0.0498179 0 0.0616364 0 0.0205127
0.053324 0 0.00671805 0.0197185 0.0499389 0.0416068 0.0220924 0 0.00379488 0.0161336 0.0302686 0.0889914 0 0.00187916 0.0241579 0.0666495 0.0125358 0.0635351 0.00890485 0.0222971 0.00152285 0.00475571 0.0355785 0.052951 0.000262564 0 0.0451058 0.016964 0.0235641 0.0467381 0.0218891 0.0349076 0.0439646 0 0.0293685 0.012913 0.0177857 0.0348643 0.0756745 0 0.024051 0.0186613 0.0528248 0.087138 0.0424358 0.0331589 0.0209788 0.051809 0.0577002 0.0121002 0.0276889 0.0309214 0.0183134 0.125784 0.141721 0.147743 0.174958 0.0530873 0.00250465 0.0263813 0.0229505 0.0855214
0.0156966 0 0 0.0115769 0.0388047 0.0299371 0.0115732 0.00309893 0.0381872 0.0534907 0.0349805 0.0717674 0.0324845 0.0139494 0 0.0341465 0.056807 0.0327723 0.0186195 0.0104908 0.0125008 0.0791038 0.0120677 0.0216224 0.0545374 0 0 0.0495145 0.0354817 0.0401813 0.0485245 0.0285902 0 0.0430623 0.0675605 0.0116662 0.0212838 0.00367557 0.0326996 0.0541241 0.0132025 0.0292643 0.0339349 0.0277053 0.0544476 0.00882465 0.0722377 0.0547748 0.0583156 0.0483563 0.0357491 0.0768446 0.169467 0.132999 0.0900304 0.083925 0.0334801 0.0626834 0.0379264 0.0438345 0.0364201 0.0302635
0.0438925 0 0.00807817 0.0344497 0.0450241 0.010149 0.0183512 0.0423135 0 0.0499961 0.0498368 0 0.00320791 0.0261039 0 0.0154606 0.0207597 0 0.0273756 0.0453819 0.0283117 0.0324714 0.0531472 0.0307141 0.00654861 0.0364501 0.0434294 0 0.0135852 0.0600719 0 0.043961 0.0281214 0.0570427 0.0126306 0.0241923 0.00673137 0.0235596 0.0169632 0.0605029 0.0238805 0.0321517 0.0761246 0.0185264 0.0154752 0.0417685 0.00828784 0.0369863 0.0393692 0 0.0499276 0.00626722 0.168049 0.0925047 0.11265 0.0438071 0.0641321 0.0747241 0.0233782 0.00568738 0.0384799 0.0326613
0.0357372 0.0678429 0.0686399 0.0612701 0.0460456 0.0618836 0.0364984 0 0 0.040124 0.0322424 0.0431578 0 0.0342148 0.0319038 0.0204921 0.0535438 0.0243708 0.00147672 0.0525588 0.0553155 0.06975 0.00995222 0.0363169 0 0.0119663 0.0510698 0.0433181 0.0206736 0 0.0808841 0.018486 0.0216557 0 0 0.0973391 0.0766447 0.0766502 0.0224728 0.0611515 0.077513 0.0853229 0.063735 0.0337889 0.0184453 0.0694971 0.0558606 0.0191303 0.0384462 0.0622635 0.0265422 0.11222 0.137717 0.159133 0.0801494 0.00604618 0.0393969 0.0762228 0.0220509 0.06362 0.0215204 0.0362715
0.0081433 0.0314848 0.033096 0.0840722 0.0831542 0.00325493 0.00447184 0.023217 0.0286871 0 0.057473 0 0.056279 0.0370374 0.0315342 0.0475867 0.0442049 0.0495129 0.05747 0.00204401 0.0227481 0.0937672 0.00263053 0.0582585 0.0451787 0.0766355 0.0201302 0.0602166 0.0159741 0 0.0257494 0.0158074 0 0.030929 0.0120376 0.0145451 0.0425612 0.046669 0 0.0437683 0.0409204 0.0151889 0.0664605 0.0381147 0.0608439 0.0231683 0.0667119 0.0926772 0 0.0812131 0.0932716 0.190633 0.120435 0.117036 0.0208131 0.105632 0.0674349 0.0369193 0.0290532 0.0054709 0.0581824 0.0331498
0.0250546 0.00513021 0.0401191 0.0100937 0 0.0132692 0.0310604 0 0.018756 0.0110315 0.00901609 0.0033733 0.0206287 0.0266596 0.0573757 0.0447098 0.017988 0.0410975 0.0334374 0.0265323 0.0794676 0.0438682 0.0443926 0.0431116 0.0131636 0 0.029934 0.0149347 0.00762051 0.0534179 0.0249033 0.0280222 0.0312948 0.0740841 0.017373 0.0567138 0.0690892 0.0492931 0.0780173 0.0210916 0.0634697 0.0783519 0.0227406 0.0672537 0.0578869 0 0.0514279 0.00493293 0.064389 0 0.159413 0.158752 0.143827 0.104128 0.0517001 0.0413715 0.0478117 0.0702644 0.0134582 0 0.0435698 0.0163765
0.0568238 0.0402125 0.0355227 0.0816813 0.0489899 0.0200273 0 0.0901036 0 0.0428441 0.0225282 0.0129217 0.0114669 0.0119673 0.0402488 0.0452796 0.00226321 0.0752742 0.0122344 0.0253708 0.0280537 0.0140888 0.00335893 0.0532388 0.0251856 0.0439161 0 0.0389064 0 0.0569681 0.0357604 0.0478107 0.0649812 0.0598845 0.0487396 0.0165643 0.0522435 0.0347 0.0445673 0.0112982 0.0333182 0.0857599 0.0400301 0.0179484 0.0367489 0.0686276 0.0922174 0.0667086 0.0310667 0.149049 0.107632 0.181841 0.133209 0.0522619 0.0788723 0.00920384 0.0203027 0.0189563 0.0368823 0.0484063 0.0708703 0.0483886
0.0373445 0.0400679 0.081028 0.00671354 0.0342372 0.0368374 0.0593207 0.0408186 0.0279412 0.0572513 0.0283079 0.0342549 0.0357813 0.018964 0.0303435 0.0569088 0.0333756 0.0360801 0.0567185 0 0.0625149 0.0125307 0.0570723 0.0571104 0.0427223 0.00281723 0 0.0860678 0.00573192 0 0 0.0540446 0.0400945 0.0445692 0.0859085 0.0257812 0.0273734 0.0366962 0.00806303 0.0547641 0.0428149 0.00437958 0.0128063 0.0745323 0 0.0339188 0.0406369 0.0249256 0 0.111647 0.141132 0.102988 0.0338193 0.0579589 0.0348061 0.0853229 0.0704451 0.0486831 0.0338446 0.0899147 0.0425293 0.0156212
0 0 0.0209113 0.0237737 0.0342165 0 0.0417458 0.0629166 0.0115745 0.0441442 0.02421 0.0434717 0.0453483 0.015001 0.0478685 0.0288539 0.0505427 0.00867874 0.0208811 0 0.00433182 0.0260442 0.01075 0.0476713 0.0522835 0 0.00375954 0.0481485 0.0240503 0.0449579 0.0618627 0.0328957 0.0901508 0.0526427 0.0621902 0.0461035 0 0.0587188 0.0585387 0.0484364 0.0180908 0.00915735 0.0315751 0.0115942 0.021708 0.0731026 0.0898131 0 0.139249 0.119635 0.144375 0.164069 0.0284252 0.0342317 0.063633 0.033524 0.0210598 0.0453874 0.0522642 0.0127977 0.0142894 0.0566841
0.0311785 0.0239335 0.0392452 0.0666527 0.0322032 0.0641516 0.00583076 0 0.038305 0.0350314 0.0380574 0.0170467 0.0157778 0.00881908 0.0359717 0.0540913 0.0183446 0.0466365 0.0359342 0.0451881 0.0927331 0.00698119 0.063395 0.0737903 0.0264277 0.0386247 0.0796709 0.0675668 0.0412442 0.0432463 0.0711933 0.0131535 0.00889854 0.0293867 0.0371028 0.00134826 0.0227378 0.0240178 0.00958104 0.078495 0.0441285 0.0793692 0.0649913 0.0516267 0.00778681 0.00869659 0.041672 0.0337904 0.188973 0.142489 0.113993 0.0282359 0.0331957 0.0486335 0.0288565 0.00647912 0.0880414 0.0579456 0.00253666 0.0530276 0.0105012 0.0348192
0.0964903 0.040629 0.0526932 0.0291173 0 0.0396427 0.0596875 0.0486425 0.0105877 0.0111454 0.0338936 0.0486144 0.0608226 0.0534767 0 0.0362659 0 0.0159673 0.0288599 0.0431436 0.0179983 0.0368741 0 0.0159477 0.0443265 0.0619112 0.0472567 0.0251763 0.0486719 0.0303554 0.0426879 0.0388561 0.0439843 0.0431965 0.0621016 0.0282013 0.0189665 0.0311324 0.0661255 0.06103 0.00568105 0 0.0239981 0.0365066 0.04995 0.0996648 0.0762095 0.119715 0.0529895 0.1358 0.129224 0.0097528 0.0452622 0.0026807 0.0498776 0 0.0569695 0.0152307 0.0573997 0.0643626 0.0465352 0.0230101
0.0502737 0.00465525 0 0.014945 0.0392138 0 0.0131859 0.0132758 0 0.0611316 0.0307278 0 0.0508986 0.012882 0 0.0587595 0.0263089 0.0605241 0 0 0.0644846 0.0258217 0 0.0246555 0 0.0393032 0.0295879 0.0704688 0.0377491 0.0223082 0.0768807 0.0055117 0.044758 0.0195403 0.0191396 0.0442981 0.0361267 0.0914421 0.0200409 0.0826818 0.0234156 0.0348085 0.0560407 0.0452132 0.0143924 0.0316761 0.0210797 0.0985915 0.119479 0.146119 0.0412151 0.0437783 0 0.0219599 0.0331584 0 0.00821486 0.0089791 0.0305964 0.0624099 0.108619 0.0499741
0.0465564 0 0 0.0173811 0.00181155 0.0381931 0.0383128 0.0471685 0.0626947 0.095255 0.0183012 0.0052345 0.0213564 0.0491603 0 0.0122208 0.0253623 0.0313344 0.012381 0.0518127 0.0703326 0.00767372 0 0.020467 0.00416496 0.0539626 0.0517931 0.10315 0.104157 0.034507 0.0610744 0.0476981 0.059665 0.0110943 0.0112386 0.0591361 0.0583434 0.0317622 0 0.0372105 0.0369545 0.0899491 0.0500962 0.0677212 0.0212986 0.0193599 0.145795 0.133429 0.152658 0.135961 0.00617587 0 0.0699073 0.0256471 0.0356401 0 0.0364806 0.0527509 0.0131154 0.0485359 0.0168174 0.0475039
0.0184112 0.00277013 0 0 0.0537225 0.0613092 0.0334696 0.0370568 0.104499 0.00205925 0.0267446 0.0692149 0.0340887 0.0305839 0.0242035 0.0148811 0.015691 0.0154312 0.0146438 0.0269588 0.0433969 0.0452416 0.0587232 0.0327094 0.053442 0.101505 0.06226 0.0496458 0.0280719 0.0185062 0.0856579 0.0450781 0.100335 0.0304841 0.0575862 0.06472 0.0953192 0.0917163 0.0806611 0.0383413 0.0727661 0.0333709 0.0175043 0.0391754 0.0454962 0.0312383 0.13435 0.128922 0.131998 0.0345293 0.0459643 0.0674522 0.0732434 0.0334797 0.0287 0.0218549 0.0230123 0.0498928 0.0341938 0.0451214 0.000534834 0.0399164
0.0377913 0 0.0320133 0.00978305 0 0.0771475 0 0 0.0618058 0.0165607 0.0331072 0.00245551 0.00813012 0 0 0 0.0573911 0.0171094 0.00744664 0.0395517 0.0733696 0.041395 0.0419426 0.0682133 0.030377 0.0481519 0.0104261 0.0514382 0.0576471 0.0761215 0.0365757 0.0881498 0.073112 0.0484433 0.0938727 0.0832217 0.0763013 0.0809151 0.00965733 0.0193931 0.0502237 0.0839956 0.0257876 0 0.00652601 0.087725 0.147514 0.117007 0.100226 0 0.0377316 0.0217916 0.0839115 0.0062029 0.0648305 0.0566384 0 0.0357828 0.0565213 0.0695569 0 0.0387014
