Proyectos/DeforestationModel/output/banda_red_2015.asc
ncols         300
nrows         300
xllcorner     273000
yllcorner     9.548e+06
cellsize      30
NODATA_value  -9999
[rows 224 to 251 of 300, columns 186 to 247 of 300]
0.0322125 0.0193713 0.0147001 0.0209097 0.0611786 0 0.0261853 0.0314278 0.0338709 0.0136987 0.0361478 0.0325157 0.0351197 0.0342442 0.0546587 0.00745872 0.0562132 0.00025458 0 0.0234743 0.00202055 0.0269123 0.0527596 0.014615 0.0284813 0.0171162 0.045683 0.0341862 0.0543259 0.038766 0.0453695 0.0243709 0.0329796 0 0.0104972 0 0.0426812 0.0123009 0.0121446 0.0560552 0.0667474 0 0.0245781 0.00711126 0.0244025 0.0280261 0.0212612 0.0383772 0.0105168 0 0.0553944 0.0611337 0.00363842 0.03364 0.0765083 0.0428987 0.0801979 0.0161141 0.0260427 0.0394914 0.0308939 0.0438301
0.022327 0.00626413 0.0389742 0 0.0243768 0.0323494 0.0220048 0.0284606 0.055705 0.00610819 0.0301161 0.087456 0.0791361 0.038856 0.0191266 0.0811935 0.0421647 0.0547279 0.0327157 0.00411973 0.0186018 0.0088466 0.0489832 0.0339065 0.0411305 0.0126011 0 0.0316261 0.0047652 0.0438791 0 0.0420061 0.00704009 0 0.0299087 0.0199115 0 0.0346298 0.0369866 0.0241985 0.0387173 0.0213946 0.0201607 0.0338513 0 0 0 0.0124169 0.0272818 0.0229167 0.0394595 0 0 0 0 0.0412779 0 0.0216341 0 0.0278927 0 0.0413549
0 0.0491346 0.0169208 0.0356246 0.0487273 0.0509305 0.0875949 0.0399496 0.0291684 0.0181084 0.0649922 0.0275014 0.0175 0.0581517 0.0486484 0.0167847 0.0364475 0.0237628 0.0552121 0.00677563 0 0.0434354 0.0572733 0.0425677 0.0482317 0.0365348 0.0339073 0.0564423 0.0384008 0.0195476 0.0101061 0.0543125 0.0343774 0.0733775 0.0925072 0.0444546 0.0598816 0.050852 0.0307478 0.0369009 0 0.0172872 0.0337765 0.0293508 0.0640837 0.0473423 0 0 0.0546585 0.0323791 0.0909599 0 0.0199314 0 0.0290589 0.0213156 0.00241834 0 0 0.0803623 0.0183357 0.0361209
0 0.000365561 0.0338302 0.0229556 0.0556404 0.01843 0.0148551 0.0231606 0.00711245 0.0506635 0.00485892 0.00238687 0.0104312 0.0295458 0.0310031 0.0336977 0.0115212 0.00680971 0.0246847 0.0510729 0 0.00203645 0.0195871 0.0178299 0.0578326 0.0302009 0.0553533 0.0487693 0.0384205 0.0597465 0.0108136 0 0.102514 0.0254768 0.0293973 0.0176502 0.0388647 0.06397 0 0.01303 0.0437552 0.0350742 0.0201034 0 0.0102359 0.00448323 0.0339578 0.0180325 0 0.0235869 0.0494813 0.0312773 0 0 0.0348349 0.0910676 0.00259045 0.0144533 0.0172268 0.0111087 0.00175911 0.0387056
0.0366744 0.0353364 0.0639512 0.0564043 0 0.0080687 0.0134712 0.0059334 0.00581489 0.0347054 0.0509129 0 0.0442072 0.0672365 0.04391 0.0433431 0.0203879 0.0555032 0.0563773 0.0734629 0.0584917 0 0.0474786 0 0.0411256 0.0104805 0.0489984 0.02738 0.00562397 0.00350362 0.0252021 0.0214509 0.0477704 0.00714073 0.0526983 0.0159631 0.00242858 0.00291218 0.0216875 0.0417265 0.041055 0.00120156 0.0356589 0 0.0517346 0.0464289 0.0299772 0 0.0556297 0.0139243 0 0.0521494 0 0.0333303 0.0151789 0.0213854 0.0319336 0.045134 0.00376785 0.0446637 0.00980965 0.0130713
0.0596932 0.00228357 0.0469321 0 0.0333905 0.0337473 0.0164899 0.0273343 0.0347633 0.0470961 0.0161138 0.0704737 0 0.0140839 0.0327168 0.0469755 0.00796103 0.0677391 0.0259161 0.0404519 0.0512827 0.0129049 0.0309631 0.0870006 0.000223261 0.00500434 0.0415335 0.0761577 0.0227707 0.0858227 0.0350446 0 0 0.0454174 0.00793735 0 0 0 0 0.0630002 0.0216308 0.0586627 0.0514266 0.0212363 0.0251759 0.038358 0.0440705 0.0462082 0 0 0.0171877 0.0144501 0.0514178 0.00595743 0.00585863 0 0.0189618 0.0227627 0 0.0466948 0.0369321 0.101575
0.0293533 0.0235575 0 0.0865416 0.0572572 0.0308341 0.0675093 0.0430582 0.050257 0.069261 0 0.0494498 0.0551519 0.0491004 0.0304778 0 0.0866653 0.0133204 0.0219944 0.0624265 0.0821955 0 0.0106762 0.0261877 0.037823 0.0431573 0.023205 0.0217806 0.0958684 0 0.00506924 0.0420262 0.0251189 0.0271995 0.031334 0.0230716 0.0163358 0.0250178 0.039253 0.0170579 0.0205253 0.0198301 0.0258506 0.00604384 0.0467255 0.0300718 0.013252 0.0279459 0.0218431 0.0159205 0.0126789 0.00872822 0.0644239 0.0315847 0.000783558 0.036956 0.0222353 0.0587489 0 0.0103068 0.0634197 0.0769221
0 0.0486028 0.0182919 0.0796807 0.00916621 0.0817167 0 0.0838194 0.0321223 0.0339152 0.0186785 0.038851 0.0629593 0 0.0362276 0.0490863 0.0471653 0.0496293 0.0443197 0.0250917 0.0800475 0.0639913 0.0404667 0.0143297 0.043854 0.0115605 0.0374167 0.014204 0.0471396 0.0173975 0.0746718 0.0431135 0.0238224 0.00777616 0.0599717 0.0480189 0.0555384 0 0.0237671 0.0505221 0.0494311 0.013355 0.0429714 0.0112551 0.0178655 0.0170143 0.0662692 0 0 0.0654169 0.0142917 0.00348496 0.013849 0 0.0288536 0.0393175 0.0189205 0.0213812 0.0486704 0.0364295 0.0494664 0.0265893
0 0.00113743 0.00856338 0.0202619 0.0275324 0.0293436 0 0.0366281 0 0.0852449 0.0386135 0.010856 0.0403973 0.0659199 0.0498025 0 0.0549597 0.0124925 0.0286532 0.0334538 0.0384469 0.0490176 0.00831396 0.0361172 0 0.0150915 0 0.0726717 0.00687572 0.0401277 0.0287365 0.0263236 0.025081 0.00390984 0.0479159 0 0.0142379 0 0.0273988 0 0.00218884 0 0.0159684 0.0349282 0 0.0302724 0.024527 0 0.0368224 0.027249 0.0234768 0.0521671 0.072578 0.0439115 0.0285823 0.0112387 0 0.0342383 0.0669161 0.029102 0.0528824 0.0343091
0.00593582 0.00416749 0.0284486 0.0186477 0.0688671 0.085451 0.0508895 0.0551682 0.0369013 0.0696025 0.0383091 0.0393206 0.0242265 0.032721 0.0242122 0.0731291 0.0581146 0.0185762 0.0154232 0 0 0.0019678 0.0472267 0.038299 0.0306651 0.0522857 0.0155168 0.0393849 0 0 0.0014619 0.0120281 0.0196903 0.0091865 0.0505805 0.014713 0.0635538 0.0253369 0.0245358 0 0.0238441 0.015931 0 0 0.0253086 0.024136 0.0312544 0.00120094 0.0459084 0.0433701 0.0767272 0.0407402 0.0984061 0.0537353 0.0107186 0.00212307 0.0119727 0.0254443 0.000729207 0.00221845 0 0.064979
0.0571645 0.0273532 0.0237791 0 0.00479128 0.050433 0.0591171 0.0127792 0.0510155 0.0315937 0.0361881 0.0566138 0.011191 0 0 0.0944857 0.0210681 0.0233841 0.0308954 0.0188063 0.0528653 0.0114923 0.00620689 0.0343123 0.0239597 0.0291218 0 0.0386074 0 0.0233469 0.0756037 0 0.00460876 0.0529048 0.0149242 0.0614632 0 0.04707 0.0156661 0.00344915 0.0140816 0 0.0341898 0.0274347 0.0493113 0 0.00958841 0.0131148 0 0.0555727 0 0.00318234 0 0 0.0375681 0.0495517 0.00292868 0.0557341 0.00898207 0 0.0277769 0.0424145
0.0552006 0 0 0.0292565 0.0171199 0.0516809 0.0303984 0.0424262 0.0210468 0.0541308 0.041536 0.00648949 0.0198327 0.0314672 0.0787176 0.056511 0.047194 0.0329099 0.0596124 0.0397727 0.0551892 0.0334265 0.0246517 0.0444325 0.0112947 0.034006 0.0390285 0.0324329 0.0280669 0.0141621 0.0469577 0.0902739 0.0223896 0.0142667 0.0511182 0 0.0578832 0.0499028 0 0.00771289 0.0184875 0.0155347 0.00958491 0.0554322 0.00220615 0.0302376 0.0116755 0.0041383 0.00998729 0 0 0.0487101 0.058591 0.0289762 0.0042212 0.0349644 0.00374231 0.0179244 0.0351904 0.0612086 0.0114908 0.0282072
0.0143251 0.054685 0.0255011 0.0879847 0.0145717 0.020516 0.0136593 0.0703877 0.0225874 0.015433 0.0489723 0.0639986 0.0223628 0.0427175 0.0346955 0.069358 0.0121298 0 0.04325 0.0494025 0.0140923 0.0254347 0.0174565 0.0712883 0.0396454 0.0375738 0.0273531 0.0300087 0.0269594 0.0337873 0.0536952 0 0.0440125 0.0676181 0.0269926 0.00499847 0.0297758 0.0433774 0.0403692 0.0290029 0.0865695 0.0232497 0 0.0434931 0.0376432 0.00398655 0.0531676 0.0433915 0 0 0.0433133 0.0457193 0.0364721 0.0212138 0.0422299 0.0105775 0.0462398 0.0120963 0.0451596 0 0.0690347 0.041322
0.0350733 0.0767097 0 0.0416593 0.00959256 0.00957825 0.0310283 0.0644519 0.0286987 0.0259629 0.0390023 0.0721245 0.019907 0.000716319 0.0104293 0.0239341 0.0488855 0.0175468 0.0446979 0.0597466 0.021601 0.0507132 0.0299148 0.0269819 0.0315486 0 0.0581868 0 0 0.0310678 0 0 0.0872969 0.00354744 0.0387992 0.0147648 0 0.0309893 0.0498849 0.0297609 0.0201834 0.0378852 0.0337443 0 0.0158673 0.0330893 0 0.0262665 0.0218431 0.0801326 0.0312742 0.0336828 0.0491952 0.00742554 0.00204722 0.0249239 0.0484108 0 0.0218878 0.0333792 0 0.0352468
0.00866644 0.00566185 0 0.0684027 0.00454167 0 0.045917 0.0452825 0.0353648 0.0663659 0 0.0560688 0.0127006 0.112192 0.0408509 0.0686801 0.0367456 0.0618841 0.0224363 0.0341544 0.0736893 0.0615618 0.0631233 0.0688174 0.0284942 0.0114373 0 0.0556686 0.041694 0 0 0.0519433 0.022557 0.0558219 0.00747061 0 0.0188546 0.053585 4.19417e-05 0.0271205 0 0.0437156 0.0259671 0.0586474 0.0105886 0.000566112 0.0892528 0.037842 0 0.0217451 0.0102946 0.063136 0.0252211 0.0691477 0.0245242 0.0417474 0.0625431 0.0492361 0.0582519 0.0173375 0.0308605 0.0319514
0 0.0746635 0.0387501 0.0379428 0.098589 0.0084525 0.0104514 0.0320321 0 0.0294907 0 0.0283319 0.0277455 0.0385246 0.0854127 0.0041008 0.0485351 0.0580364 0.0233977 0.0588102 0.0941699 0.0034645 0.0568599 0.0321174 0.0581918 0.0516289 0.0351525 0.000913125 0.0251755 0.000134668 0.0267316 0 0.0336911 0.039365 0.0102333 0.0448445 0.0341943 0 0 0 0.025832 0.0330947 0.0226866 0.00473944 0.0116216 0.0256025 0.027074 0.0169178 0 0.0491356 0 0.00396757 0.00260356 0.0206803 0.0614955 0.0228866 0.0704317 0.0129342 0.0223776 0.00721986 0.0142774 0.0728443
0.0344494 0 0.0280445 0.0282037 0.0355501 0.010049 0.0554186 0.0176689 0 0.0622254 0.0297187 0.0293351 0.0384215 0.0549143 0.0324707 0.0120955 0.0253117 0.0156374 0.0331369 0 0.0153764 0.0270839 0 0.0293987 0.0578719 0.0171573 0.00390615 0.0496878 0.0326933 0 0.0521324 0.031889 0.0937274 0.00620257 0.043272 0 0.0255223 0.0543137 0.0618586 0.0541092 0.0105612 0.0361447 0.035793 0.0122232 0.0528243 0.0225607 0 0.0335032 0.0158912 0.00299135 0.0585842 0.019292 0.047963 0.0428787 0.0149446 0.0576162 0.0360092 0.00608235 0.00952032 0.00194581 0.0402302 0.00620281
0.0379133 0.00247059 0.0398312 0.0753737 0.0567331 0.0500938 0.0903696 0.0166463 0.043155 0.0592135 0.00816652 0.00172316 0.00843881 0.0552836 0.0804331 0.0226055 0.00435282 0 0.0355537 0.00212022 0.0195052 0.014179 0.0748488 0.0355582 0.00315256 0.065876 0.0380689 0.0457954 0.00258384 0.0346849 0.0403061 0 0.0465912 0.0335998 0.0302992 0.0316115 0.0269056 0.0473564 0 0.0686091 0.00264476 0 0.0582647 0.028067 0.0295171 0 0.061467 0.00955307 0 0.0373436 0.0113594 0.0593122 0.00372206 0.0567525 0.0380008 0.0612936 0.0303552 0.00753044 0.0258414 0.0156234 0.0678344 0.0416566
0.058863 0 0 0.0327475 0.0606431 0.0359715 0.0445495 0.0598387 0.0732893 0 0.0111067 0.0435224 0.0660971 0.00945393 0.0135509 0.0560132 0.1023 0.0702078 0.0590535 0.0349953 0.0493272 0.0396749 0.0163784 0.0456892 0.0437142 0.0595646 0 0.00509565 0.0303416 0.0509906 0 0.00756293 0.00625306 0.0432297 0.0271765 0.0107249 0.0525283 0.0580705 0.0194114 0.0424156 0.0383987 0.0735951 0 0.0447381 0 0 0.084271 0.0399654 0.00749702 0 0.0188027 0.0286991 0 0.0683999 0.0290295 0.0172995 0 0.0563411 0.02678 0 0.0198937 0
0.0179419 0.047955 0.0579425 0.0352309 0.0374858 0.0787531 0.0399444 0.0483051 0.0342358 0.0468427 0.0392237 0.0105546 0.0132081 0.0457286 0.00152104 0.050257 0.067081 0.0527401 0.00499903 0.0201629 0.0335106 0.0671712 0.0323127 0.031322 0.0252591 0.0539938 0.0377858 0.0296538 0.013161 0.0271948 0.0106922 0.021975 0.0209224 0 0.0618408 0.056718 0.0526094 0.016969 0.0110508 0.0311413 0.0118857 0.0106169 0.0220615 0.0204752 0.0367776 0.0546447 0.00318482 0.0138063 0.00826531 0.0256103 0.0403268 0.0511193 0 0.0292019 0.0467024 0 0.0144383 0.0497873 0.0228969 0.0304855 0.063052 0.00944012
0.073774 0.0629924 0.0465209 0.0296811 0.064587 0 0.0194962 0.0662417 0.0728463 0.0361072 0.0488068 0.0622462 0.00561374 0.0266508 0.00417467 0.0612431 0.00587382 0.0695695 0.00355265 0.0487194 0.028658 0.0283001 0.0156767 0.000330778 0.00108649 0.0554116 0 0 0.0404264 0.0548957 0 0.0411442 0.0061755 0.0125605 0 0.0110104 0.0220277 0.0217508 0.0121155 0.00891994 0.0114923 0.00683574 0 0.0625705 0.057617 0 0.0975594 0.00615741 0.0554453 0.0116607 0.0670044 0.0343227 0.0318502 0.0564368 0.0304928 0.000481016 0.0440456 0.0442132 0 0.0014517 0.0242725 0.0538158
0.0140651 0 0.0237591 0.0433928 0 0.0138458 0.00829618 0.0105741 0.0437316 0.0581793 0.058206 0.0528415 0.0130809 0.0177066 0.0182505 0.0325443 0.0500288 0.0254956 0.0242556 0.0217788 0.0264755 0.00280173 0.0147615 0 0.0329239 0.0219052 0.0479549 0 0.0582938 0.0180723 0.0251623 0.0183416 0.0640458 0 0.0826537 0.0598683 0.0100132 0.0316591 0.0275072 0.011193 0.0856136 0.0474263 0.0617166 0 0 0.0118519 0.053394 0.0183686 0.0180834 0.0409504 0.0400308 0.0434736 0.0321706 0.0476129 0.0367298 0.0242418 0.0793212 0.0679206 0.0319576 0 0.0273622 0.0195586
0.0466217 0.0471524 0.0784968 0.0332636 0.00746691 0.114347 0.018773 0.0657697 0.0259591 0.0675092 0.0262774 0.00986569 0.0574845 0.0063035 0.0743645 0.0777198 0.0578925 0.0309468 0 0.0602522 0 0.0107087 0.0197911 0.0545281 0 0.0421899 0 0.0107279 0.0150068 0.0623273 0.0274235 0.0169591 0.0504055 0.00339094 0.0694725 0.0296248 0.0573775 0.00306341 0.0245933 0.00108283 0 0.0665683 0.0651928 0.0298542 0.0392407 0.0348687 0.0359852 0.0174626 0.0689504 0.0463674 0.0682261 0.0847666 0.0500009 0.0458361 0.089465 0 0.0228853 0.015304 0.00304117 0.0851259 0.0776897 0.138667
0.0431955 0.0729756 0.0050261 0.0263698 0.005513 0.014032 0.0470484 0.0243927 0 0 0.0130671 0.0509524 0.00407121 0.0259689 0.00580255 0.0627311 0.0274334 0.0371486 0.0361095 0.0514205 0.0431954 0 0.0388766 0.00289369 0.00805963 0.0187716 0.0226245 0 0.00777182 0.0466249 0.0121753 0.0357082 0.0204296 0.0451129 0.0535049 0.0168045 0 0.0438634 0 0 0.0678833 0.0222956 0 0.0324663 0 0.0518458 0.0131838 0.0336854 0.00691355 0.0422731 0 0.0343875 0 0.028416 0 0.0409424 0.0667323 0.0521869 0.0447479 0.0435392 0.041316 0.14821
0.040437 0.0393134 0.0286355 0.0697249 0.0293211 0 0 0.0469868 0 0.0869109 0.0468592 0.0391337 0.0330893 0.0648732 0.0520196 0.0737041 0.0210221 0.0308564 0.0193343 0.0570415 0.0413984 0.0497522 0.0461656 0.0670656 0 0.0272418 0.0443018 0.0251419 0 0.0533427 0 0 0.0822893 0.0420379 0.0395694 0.0511965 0.0773709 0.0201283 0.0342208 0.0271195 0.00194083 0.0405401 0.0557612 0.013331 0.0610507 0.0495187 0.0232879 0.0484576 0 0.0388424 0.0229318 0.060365 0.0839343 0.00494633 0.0483905 0.034211 0.0510271 0.0105776 0 0 0.129851 0.145124
0.0713539 0.0558368 0.011162 0.0762079 0.0406292 0.0302158 0.0246105 0.0865236 0.0156302 0.0485583 0.0242391 0.0231371 0.00306164 0.0551684 0.0186412 0 0 0.0375298 0.0157062 0.0401188 0.0665337 0.0314425 0.0222572 0.0375793 0 0.0446392 0.0326919 0.0553804 0.0431064 0.0071342 0 0.0417445 0.0140952 0.0193081 0.0335215 0.0624934 0.056914 0.0441258 0.0360976 0.0458341 0 0 0.0273631 0.00580383 0.039512 0 0.101155 0.0325017 0.0263978 0.0593447 0.0252502 0.0191041 0 0.0300294 0 0.0324005 0.0397106 0.0425492 0.0414053 0.117359 0.107801 0.132939
0.0773676 0.0136431 0.0574248 0.00788092 0.0173343 0.00397975 0.0628331 0.00471462 0.031219 0.00390693 0 0.0500466 0.0376919 0.0621951 0.0314915 0.0431402 0.0667498 0.0616494 0.033805 0.0271415 0 0.0762518 0 0.0626982 0.0230444 0.0269871 0.0274079 0.0275792 0.0417077 0.0174329 0.0381396 0.0769182 0 0.0274242 0.0620551 0.0160938 0 0.0215676 0.0311927 0.0289789 0.000356999 0.0720389 0.0412961 0 0.0323001 0.0119098 0.0101687 0.00936547 0.0300056 0.00408255 0.0606973 0.0270226 0.018351 0.0897994 0.0247425 0.047519 0.0132156 0.0444831 0.126939 0.114467 0.151285 0.138118
0.0409378 0 0.0504034 0.0191035 0.125942 0.039657 0.0377211 0.0349106 0.0131631 0.0105761 0.0448743 0.0323507 0.0337684 0.00984883 0.0325817 0.0235064 0.0209593 0.0784368 0.0363765 0.0222361 0.025317 0 0.0185777 0.0123329 0.065818 0.0211544 0.0303656 0.013608 0.0479988 0 0.0281749 0.0146916 0.0497883 0.0521508 0.000961172 0.00862681 0.0192437 0.0275827 0.0223326 0.0302511 0.0208038 0.0069246 0.0524022 0.0567345 0.0115963 0.0537821 0.0125954 0.056343 0.0568298 0.0614949 0.0646158 0.0609122 0.0424494 0.0513129 0.0409567 0.0430032 0.0597612 0.0574139 0.13425 0.13091 0.131118 0.117246
