Proyectos/DeforestationModel/output/banda_red_2015.asc
ncols         300
nrows         300
xllcorner     273000
yllcorner     9.548e+06
cellsize      30
NODATA_value  -9999
[rows 168 to 195 of 300, columns 62 to 123 of 300]
0.0227491 0.0237443 0.033364 0.0469513 0.0313975 0.0160008 0 0.0494857 0.0379785 0 0.0516486 0.02364 0.045553 0.0400762 0.0289888 0.00603789 0.0123668 0.0746879 0.0377074 0.0322767 0.000735485 0.00807311 0.0681244 0 0 0.0298744 0.0347146 0.0728324 0.0523416 0.0461777 0.0386303 0.0376387 0 0.0397072 0.00389914 0.0338575 0 0.0265624 0.0363253 0.0677467 0.0626738 0.0579523 0 0.0382005 0.128372 0.133408 0.124795 0.170416 0.0219152 0.0164674 0.0751887 0.0231256 0.0170359 0.0832233 0.0436823 0.022897 0.0609946 0.0610363 0.0957361 0.0159037 0.0315721 0.0062583
0.0482301 0.0643298 0 0.0206225 0.0340751 0.0937527 0.0437988 0 0.0358534 0.0553088 0.0387225 0.0220933 0.0219175 0.0347133 0.0010042 0.0118831 0.066499 0.0217339 0.0794361 0.0456914 0 0 0.0437072 0.0439703 0.0507492 0.0240979 0.0763233 0.00675581 0.0642086 0.0577939 0.00784071 0 0 0 0.078659 0.0502455 0.0109564 0.053262 0.0343272 0.0354507 0.0792862 0.0263386 0.0504495 0.0227507 0.0707039 0.123557 0.150482 0.185901 0.0839759 0.0482286 0 0.0222374 0.0706219 0.0955084 0.0434053 0.0654346 0.0151603 0.0204549 0.0930494 0.0143272 0.0742689 0.0285769
0.0039499 0.0523606 0.0411659 0.0568766 0.0148051 0.0877471 0.013636 0.0239184 0.0501381 0.0544918 0.00431097 0.0722601 0.0236 0.0422163 0.0529644 0.0492471 0 0.0135362 0.0355791 0.0401711 0.0261035 0.0343377 0.0390058 0.0568433 0 0 0.00822305 0.0898596 0.0381229 0.0560768 0.073439 0.0231392 0.0327439 0.0399432 0.123209 0.0306736 0.03052 0.111586 0.012322 0.00565309 0.0534327 0.0637719 0.0297577 0.0321765 0.0611111 0.0829135 0.109337 0.132038 0.0503096 0.0778431 0.00927666 0.0407562 0.0155651 0.0706242 0.0186355 0.0811788 0.0311321 0.0134701 0.0344117 0.0828028 0.0682664 0
0.0671558 0.0367242 0.0470939 0.027801 0.0671283 0 0.100596 0.0264946 0.0838968 0.0796595 0.0113457 0 0.00869242 0.0482832 0.063289 0.0374298 0.0576217 0.0878834 0.0724311 0.0103125 0.0324525 0.0655774 0.0458946 0.0473251 0.0282294 0 0.0195913 0.0337382 0.0701381 0.0574607 0.0169529 0 0 0.0326197 0.0441548 0.0567559 0.0691749 0.07659 0.0644033 0.0911202 0.0278858 0 0.0946307 0.0777224 0.0657196 0.117534 0.0817816 0.123897 0.165339 0.0431493 0.0356505 0.0216989 0.0226421 0.0324834 0.0451644 0.0673659 0.0950495 0.053832 0.0256438 0.0498389 0.0245862 0.0117516
0.0331744 0.049794 0 0.0169528 0.0539402 0.0196526 0.0495968 0.0540663 0.0470797 0.0141958 0.0219977 0.00311914 0.0644338 0.0519464 0 0.0393914 0.0161311 0.00475842 0.0401224 0.052879 0.0235117 0.013051 0.0630082 0 0.0409657 0.0289365 0.0518382 0.0546245 0.0380728 0.0139698 0.0114673 0.0252028 0.071611 0.0417878 0.0398901 0.0685555 0.0761001 0.0352898 0.0814708 0.0321495 0.075873 0.078456 0.0519544 0.0214096 0.0525809 0.0202714 0.122999 0.119784 0.142878 0.06813 0.00824994 0.0422021 0.0192018 0.0480435 0.0960416 0.0300056 0.0177771 0.0661298 0.0801435 0.0831549 0.0585621 0.0280657
0.0479614 0.0362265 0.0543655 0.00409414 0.0418497 0.0611177 0.0203276 0.0295944 0.0377993 0.05698 0.0724591 0.0320633 0.0468432 0.0279054 0.0362215 0.0535351 0.0336239 0.0551527 0 0.0641395 0.0338862 0.00538661 0.00997525 0.0436894 0.0391697 0.0225125 0.02846 0.0693388 0.0664697 0.0384506 0.0280597 0.0145759 0.0853186 0.0624179 0 0.00581022 0.031288 0.0191587 0.0364556 0.110733 0.0146091 0.050078 0.0473604 0.0605312 0.04375 0.0734468 0.142454 0.12829 0.147261 0.137236 0.0735519 0.0330951 0.0568845 0.0385601 0.0475468 0.0578058 0.0606959 0.0115057 0.0628075 0.071203 0.00217277 0.0536573
0 0.0309759 0.0292906 0.0669886 0.0280752 0.032195 0 0.0790076 0.065606 0 0.00495906 0.00978288 0.0570165 0.000924528 0.0320812 0 0 0.0317291 0.0252571 0.0221614 0 0.0551122 0.0264436 0.0718398 0.0318915 0.0671925 0.0560147 0.00871844 0.026409 0 0.06995 0.0610718 0.0326923 0 0.0738047 0.0105895 0.0178243 0.00927443 0.0575021 0.042381 0.029802 0.0131989 0 0.0436534 0.0071226 0.013062 0.0486104 0.160383 0.121787 0.121346 0.0485115 0.090384 0.0428757 0.045764 0.0636988 0.06218 0.0595782 0.028848 0.0369076 0.0238466 0.05417 0
0.0153977 0.00718493 0.00142236 0.0184817 0.0279675 0 0.00160663 0.0205232 0.0318227 0.031151 0.0367432 0.0588628 0.0434724 0.0282841 0.00905625 0.0499321 0.0324602 0.0258742 0.0366079 0.0440861 0.051655 0.0358454 0.046572 0.0497392 0.0401063 0.00564379 0.0260387 0.0451228 0.0522839 0.014127 0.038285 0.0437453 0.00478093 0.0335245 0.0343156 0.0419949 0.0486472 0.0318709 0.0341337 0.0670604 0.0709972 0.0492062 0.0556157 0.069802 0.0332286 0.0344376 0.0464236 0.144979 0.113334 0.12339 0.0883949 0 0.0306633 0.0440721 0 0.0363004 0.0553334 0.0306228 0.0305735 0.0741418 0.0805227 0.0331681
0.0272062 0.0444859 0.0141567 0.0314019 0.0161281 0.0692401 0.0435025 0.0103173 0.0198662 0.0161477 0.0415263 0.0654984 0.0284819 0.0184517 0.0304885 0 0.0615253 0.0510619 0.00572053 0.0138641 0.0730861 0.0285725 0.0138945 2.07752e-05 0.0269096 0.024619 0.00219736 0.0294223 0.0597315 0.0173828 0.0144796 0.0263486 0.0895901 0.0283619 0.0503287 0.0251773 0.0460624 0.0442878 0 0.009433 0.0439909 0.0233564 0.0662318 0.0323262 0.070316 0.0420627 0.0779804 0 0.0774204 0.129341 0.112042 0.0587448 0 0.060684 0.0609969 0.0334959 0.077729 0.0565345 0.0346467 0.0409674 0.04388 0.0026359
0.0553656 0 0.0366315 0.0428985 0.021568 0.0702202 0.0154743 0.0380064 0.0333338 0.0145479 0.0350759 0.0411376 0.0482571 0.072704 0.0352227 0.0715252 0 0.0234627 0.0134465 0.0305067 0.0750225 0.0468791 0.04399 0.0582491 0.0393929 0.0168457 0.0471453 0.0176893 0.051418 0.0233848 0.0325681 0 0.0670952 0.0553001 0.00403668 0.0559954 0.0524883 0 0.0655943 0.0781054 0.0244845 0.0881094 0.0152063 0.0486442 0.0876392 0.0317473 0.0434022 0.0328321 0.122683 0.176285 0.0782522 0.121097 0.051022 0.0197719 0.00526004 0.0314265 0.0119633 0.0519584 0.00334507 0.0676592 0 0.0215214
0.0179489 0.0131112 0.0221993 0 0.0383082 0.0279822 0.0326976 0.0538048 0.00329725 0.0110963 0.0280906 0.0361523 0.0404347 0.0294417 0.0328262 0.0152919 0.0221366 0.0324391 0.0467662 0 0.0168425 0.0157397 0.0371462 0.01714 0 0.0697036 0.0527387 0.0130071 0.00950245 0.0281863 0.0619381 0.0306758 0.049923 0.0486912 0.0661288 0.00243902 0 0.0136747 0.05156 0.0886862 0.0728983 0.0503144 0.0541746 0.0316006 0.0397282 0.0362484 0.0179819 0.0882754 0.0633949 0.114115 0.137081 0.119068 0 0.0344394 0.0232653 0.0480573 0.00989396 0.086093 0.0131974 0.0300013 0.0236705 0.0342934
0.0827592 0.0177473 0.031974 0.0300479 0.0406422 0.0919208 0.0353688 0.0435649 0.0171487 0.0508984 0.0322795 0.0719947 0.0386548 0.0158246 0.023921 0.03943 0.0310683 0.0109787 0.100347 0.0294282 0.0589966 0.0270832 0.0355845 0.0239537 0.000986944 0.0388025 0.0381697 0 0.0194914 0 0.0107649 0.0728815 0.0177498 0.0287815 0.0163153 0.0159611 0.0188905 0.0135642 0.0819996 0.105134 0.0185934 0.00940046 0.058303 0.0262519 0.013739 0 0.0461325 0.0319404 0.0517716 0.147962 0.1475 0.168498 0.113968 0 0.0135952 0.0166121 0.00458806 0.0928062 0.0525038 0.0384014 0.0644448 0.0655605
0.0236308 0.0534245 0.0668431 0 0.0690808 0.0171204 0.0755072 0.0215572 0 0.015029 0 0.024083 0.00913279 0 0.0555333 0.00476507 0.0316147 0.0102678 0.0321299 0 0 0.00861695 0.0662544 0 0.00352717 0 0.0413159 0.0436617 0 0.0490065 0.0623827 0.0374577 0.0133391 0.0550917 0 0.00991186 0.0958571 0.0671789 0.0264216 0.0532847 0.0674992 0.0053148 0.051844 0.00467366 0.0529459 0.0315957 0.0462462 0.0421361 0.0528152 0.0688296 0.130408 0.109578 0.145573 0.160638 0.0430927 0.0369891 0.0361171 0.015027 0.0534845 0.0607048 0.0285638 0.124668
0.0194058 0.00740173 0.0446937 0.0222 0.0406229 0.0456456 0.00284508 0.0640675 0.0423115 0.0594388 0.0435933 0 0 0.0310407 0.0259478 0.033289 0.0335291 0.0235408 0.048067 0 0.0517642 0.0390371 0.0263351 0.0591788 0.0507528 0.0324189 0.0257783 0.0347491 0 0.00607841 0.0564889 0.0372819 0.0384126 0.0512994 0.107858 0.00949113 0.0514017 0.0760715 0.0713925 0.0570835 0.0633831 0.0116614 0.0331788 0.0390564 0.0138956 0.0309407 0.0321712 0.0615705 0.0552409 0.0976109 0.173737 0.12965 0.122882 0.144746 0.0120276 0.0356708 0.0341926 0.0339957 0.0564029 0.0888124 0.0327967 0.0442631
0.0477726 0 0.0325828 0.0711034 0.045417 0.0264574 0 0.00157836 0.0780599 0.010902 0.0441101 0.0106335 0.0611502 0.0172455 0.0480744 0.00921528 0.0603463 0.0692946 0.0634347 0 0.0676277 0.0223343 0.0686877 0.000797333 0.0955673 0.038896 0.0458611 0.070962 0.0549872 0.0420319 0 0.0557588 0.0392609 0.039074 0.0326964 0.00415014 0.0501329 0.0432962 0.0453852 0.12968 0.0544713 0.0451276 0.0882773 0.021197 0.0534071 0.0517209 0.052167 0.0623936 0.0296047 0.0593336 0.096274 0.167912 0.0867494 0.155344 0.102905 0.0268941 0.0530948 0.00380821 0.0541259 0.076025 0.0277552 0.0277709
0.0595666 0.0362537 0.0490567 0.0186585 0.0250546 0.0552256 0.0500593 0.023739 0.0151635 0.0655066 0.0150239 0.0658801 0.0877139 0.044642 0.0543074 0.0433649 0.015857 0.0137389 0.047146 0.00696308 0 0.0430218 0.0494323 0.0536857 0.039284 0.052887 0.0440834 0.00162384 0 0 0.0156748 0.0385488 0.0694968 0.00995866 0.0396539 0.0200391 0 0.065788 0.0108777 0.037073 0.0811882 0.0463568 0.0518516 0.076832 0.0336116 0.00917583 0.0615548 0.0510628 0.0240137 0.0354981 0.0613655 0.0570367 0.171983 0.152434 0.133709 0.0265705 0.0065869 0 0.0581885 0.0228255 0.0571156 0.066937
0.0177768 0.00709986 0.034905 0 0.0153723 0.0597646 0.0445424 0.0231392 0 0.0180913 0.0016349 0.0407441 0.0235678 0.014586 0.0123594 0.0116005 0.0708668 0 0.0312016 0.0400218 0.0912313 0.0622831 0.0578027 0.00771338 0.0369898 0.023223 0.00846056 0.00485331 0.0237553 0.0442176 0.0347725 0.0399986 0.00172144 0.059762 0.00339436 0.038664 0.0646272 0.0505878 0 0.0496518 0.0574583 0.0165909 0.0576003 0.0292587 0.0699105 0.0336196 0.0604842 0.0360069 0.0711004 0.0772262 0.0339353 0.0620472 0.148867 0.098999 0.126107 0.149481 0.0269309 0.0312906 0.0426684 0.0690503 0.00807225 0.0233039
0.0444437 0.0064903 0.049847 0.0309174 0 0.019801 0.0551381 0 0.0552882 0.0301784 0.0669186 0.0335354 0.0428265 0.02191 0.0437622 0.0622328 0.0189225 0.000251176 0 0.0652844 0.0352102 0 0.063865 0.0174468 0.040787 0.0666059 0.0046064 0.026615 0.0762473 0.0436554 0 0.0499678 0.0365362 0.034993 0.0261488 0 0.0568608 0.0603541 0.0358508 0.0736146 0.0360179 0.026192 0.0916887 0.0382211 0 0.0204447 0.0172919 0.0063858 0 0.0312877 0.024195 0.0579418 0.0841605 0.135847 0.171249 0.125995 0.172024 0.0581272 0.0762072 0 0.0494081 0.0673322
0.00361897 0.0441933 0.0326641 0.0499982 0.0555109 0.0166016 0.0385997 0.0343536 0.037752 0.0177493 0.0643136 0.0348003 0.0715159 0.0103128 0.0483264 0 0.0645748 0.00404897 0.0512247 0.0251301 0.00698589 0.00987463 0.0187129 0.0375462 0.0448252 0.008727 0.00327749 0.0117108 0.0649021 0.0892099 0.0248555 0.0211321 0.067478 0.0712893 0.086119 0.0472165 0.0717593 0.0335249 0.0214089 0.0466898 0.0790735 0.00657104 0.0520215 0.097874 0.0349556 0.0144755 0.0256778 0.0566977 0.0594997 0.0693902 0.0319357 0.0789628 0.0866031 0.109639 0.144287 0.175707 0.14934 0.0618967 0.0707263 0.0497863 0 0.0412565
0.0331797 0 0.0283854 0.00716755 0.0229373 0.0496046 0.0290025 0.014479 0 0.128991 0.0519179 0.0311834 0.0320321 0.0498197 0.0112402 0.0831411 0.0410177 0.0611385 0.0412375 0.00634911 0.0834173 0.0518825 0.0518483 0 0.0198973 0.0234067 0 0.00804263 0.00735033 0.0231919 0.0582132 0.0279291 0.0714242 0.0866981 0.0268643 0.0867252 0.0639002 0.0795499 0.0124096 0.0258339 0.0380442 0.0753793 0.0383186 0.0725553 0.018674 0.0436237 0.0548506 0.057522 0.0338152 0.00856956 0.0462889 0.0397279 0.0701732 0.0572826 0.13545 0.156247 0.139937 0.138037 0.0352508 0.0473363 0.0519786 0.000874448
0.06389 0.0364206 0.0102742 0.0281485 0.070953 0 0.0120255 0.0561486 0.016406 0.0222936 0 0.00412458 0 0.0362952 0.0408063 0.00836792 0.0144886 0.0495208 0.0698717 0.0360333 0.023093 0.0242485 0.00721274 0.0913467 0.0331528 0.112807 0.0634566 0.0323805 0 0 0.10984 0.0332178 0.0334766 0.0227696 0.0545914 0.0540002 0.0151061 0.0471184 0.0586898 0.0468831 0.0187982 0.0140674 0.0483404 0.0452548 0.0841591 0.0890876 0.0614715 0.0561341 0.00657009 0.0649684 0.0662328 0.0461466 0.042321 0.0458872 0.00758426 0.124199 0.168255 0.117703 0.112393 0.0547961 0.0436168 0.076473
0.0312772 0.0103423 0.0350611 0 0 0.00472287 0 0.0331924 0.0465751 0.0537287 0.0589573 0.0229597 0.0308765 0.0204461 0.0233526 0.0804342 0.0399584 0.052177 0 0.0154189 0 0.0480791 0.0598247 0.0619552 0.0238395 0.0426633 0.0347987 0.0351735 0.0343099 0.0362571 0.0296454 0.0268929 0.0420691 0 0.05817 0.0557024 0.0747172 0.00303391 0.0365886 0.0263241 0.033547 0.0589391 0.0823446 0.0268217 0.0214055 0.0923558 0.0260055 0.0289286 0.0807141 0.0219278 0.0358809 0 0.0638973 0.0386673 0.0567394 0.12946 0.123623 0.0929675 0.160452 0.0473014 0.0230328 0.0554837
0.0400127 0.041649 0.0300885 0.0249782 0.0339112 0.0334181 0.0746519 0.0281792 0.0245024 0.0021769 0.0398888 0.0539062 0.0269791 0.0417617 0.00199823 0.0589159 0.0437962 0.0569678 0.0254825 0.0434743 0.0328536 0.0284517 0.0342779 0.00210218 0.0409956 0.0683471 0.0438724 0.0351427 0.0327484 0.0695587 0.0574043 0.0494351 0.011699 0.0869432 0.0346839 0.0240538 0.074372 0.0479262 0.0338356 0.0343611 0.0670218 0.027612 0.0617251 0.0392781 0.0642098 0.0784179 0 0.0189939 0.0181442 0.0219841 0.0298374 0.0624919 0.0645834 0.0493484 0.0120876 0.0760624 0.163669 0.0849917 0.130209 0.147161 0.0226432 0.00265853
0.0742645 0.0118607 0.0297101 0.067541 0 0.04524 0.028344 0.0265059 0.0511664 0.0918859 0.0222343 0.0388044 0.0529494 0.0505752 0.03959 0.0159161 0.0428849 0.0142964 0.0231864 0.00615113 0.0463197 0.0524685 0 0.057383 0.0645007 0 0 0.034972 0.091167 0.0657099 0.0429755 0.0697796 0.0438915 0 0.0758834 0.0481208 0.046961 0 0.00240915 0.010957 0.0503029 0.0719423 0.0535025 0.0816892 0.0480667 0.0872756 0.0562544 0.0190744 0.0216461 0.0215117 0.0310896 0.0457263 0.0104874 0.0236334 0.038116 0.0755521 0.125106 0.117986 0.143834 0.0844909 0.119328 0.0444318
0.0165899 0.0202909 0.0286782 0.0262053 0.0363683 0.0067591 0 0.0207062 0.000276326 0 0.00475461 0.01819 0.0407289 0.0190813 0.0258778 0.0215819 0 9.89479e-05 0.0562458 0.0499688 0.0361981 0.00141073 0.0505685 0.0415758 0.0186186 0.0180927 0.0437373 0.0713443 0 0.0741631 0.0242138 0 0.0412713 0.0130716 0.0508969 0.0564895 0.00732118 0 0.104442 0.0757752 0.0659676 0.0439112 0.0382557 0.0743903 0.0790577 0.0334862 0.0641838 0.0481297 0.0486015 0.0677125 0.00375957 0.0250788 0.0407689 0.0585959 0.103762 0.031434 0.0568857 0.0919377 0.095079 0.147541 0.150325 0.12631
0.0658938 0.00649426 0 0.0302041 0 0.054507 0.0259931 0.047556 0.0227939 0.0641339 0.0570372 0.0185658 0.04547 0.0357586 0 0.0330142 0.0304216 0.0498021 0 0.0266551 0.0185517 0.0162727 0.0125223 0.0646483 0.0416098 0.080992 0 0.0248294 0 0.0439977 0.0408465 0.0633315 0.0768604 0.0201951 0.0758057 0.0292954 0.0520443 0.0431532 0.00990558 0.0171871 0.0408915 0.0596069 0.085507 0.0364593 0.0302327 0.0450853 0.0479265 0.0346814 0.0821593 0.0493605 0.0775079 0.0271794 0.00323453 0 0 0.0244996 0.0564925 0.0459224 0.152999 0.140949 0.124941 0.136993
0.0613283 0 0.0446572 0 0.029698 0.0147668 0.0797545 0.0284092 0.0923929 0.043538 0.070359 0.0517511 0.0546264 0.0718791 0 0 0.0534743 0.0396576 0.0355018 0.0451198 0.0557266 0.0233673 0.0779683 0.0493551 0.0182518 0.0359655 0.0513632 0.0478186 0.0173356 0.0588121 0.0590912 0.0272887 0.0240308 0.0683195 0.0330472 0.0100603 0.0272526 0.0601731 0.0371703 0.0201685 0.0392441 0.080124 0.0129435 0.065677 0.0504064 0.0187648 0.00173647 0.0237215 0.0172677 0.0189526 0.0622449 0.0354476 0.0639317 0.0125651 0 0.0771775 0.0424859 0.0407854 0.130691 0.136338 0.164474 0.112988
0 0.0125277 0.045763 0.0571414 0.0252389 0.0376326 0 0 0.0755558 0.060318 0.00126314 0.0633315 0.0342857 0.0525673 0.0429274 0.0181717 0.0264496 0.0425456 0.0253508 0.0442484 0.0192807 0.00709104 0 0.0244769 0.0615326 0.0705083 0.0747805 0.0899662 0.0200939 0.0899253 0.0378113 0.0519737 0.0642843 0.0146324 0.0816021 0.00251979 0 0.0369614 0.0447559 0.0555702 0.0787422 0.0729189 0.0798098 0.0741462 0.0392675 0.019527 0.032099 0.074523 0 0.0373816 0.0307099 0.0575762 0.0843815 0.0233715 0 0.0035441 0.0199677 0.0588219 0.0342613 0.106514 0.0982645 0.138854
