Proyectos/DeforestationModel/output/banda_nir_2015.asc
ncols         300
nrows         300
xllcorner     273000
yllcorner     9.548e+06
cellsize      30
NODATA_value  -9999
[rows 28 to 55 of 300, columns 189 to 251 of 300]
0.731238 0.77013 0.752498 0.691993 0.692194 0.776688 0.70214 0.770166 0.798857 0.71382 0.81168 0.658273 0.749108 0.78255 0.778425 0.800909 0.719805 0.751058 0.662282 0.627587 0.671608 0.77647 0.687877 0.715357 0.750622 0.781764 0.69171 0.769775 0.790618 0.764338 0.726548 0.740177 0.625466 0.678765 0.611231 0.687135 0.784648 0.644189 0.660951 0.594454 0.706229 0.729581 0.447905 0.535628 0.489406 0.840885 0.806445 0.724438 0.728435 0.732908 0.811832 0.648937 0.774196 0.639149 0.672256 0.759099 0.732537 0.690526 0.691278 0.702701 0.717652 0.737315 0.767361
0.792054 0.666125 0.775677 0.704429 0.650053 0.657463 0.765218 0.764829 0.715919 0.707264 0.710634 0.786714 0.73964 0.658024 0.684402 0.748882 0.799063 0.753369 0.798999 0.703185 0.713052 0.73161 0.599628 0.732145 0.68886 0.685471 0.674329 0.799926 0.640505 0.678788 0.707665 0.715618 0.635647 0.698655 0.739245 0.702872 0.654574 0.657121 0.714115 0.72281 0.628905 0.771147 0.390727 0.472608 0.44577 0.456798 0.764261 0.642945 0.704048 0.732348 0.61564 0.80875 0.75064 0.731232 0.670921 0.745935 0.702231 0.71707 0.758364 0.711712 0.662323 0.801351 0.711614
0.719452 0.626847 0.759824 0.674155 0.776138 0.668252 0.760816 0.724575 0.797934 0.729207 0.654026 0.797905 0.689995 0.633305 0.780708 0.71273 0.732278 0.726094 0.72893 0.764507 0.676064 0.802911 0.838737 0.690744 0.716011 0.769044 0.601192 0.708536 0.58353 0.788197 0.673695 0.721348 0.791875 0.825339 0.603515 0.708908 0.709304 0.723676 0.67972 0.695065 0.627871 0.615013 0.649631 0.433415 0.485784 0.502213 0.467394 0.778993 0.683595 0.66682 0.698945 0.629444 0.721696 0.835573 0.662055 0.668755 0.713695 0.67824 0.645037 0.731311 0.698099 0.780574 0.743719
0.631946 0.73069 0.74635 0.652108 0.661237 0.698123 0.757245 0.631747 0.762552 0.776372 0.609538 0.756667 0.707023 0.688923 0.638636 0.776571 0.752074 0.695123 0.673249 0.765242 0.725717 0.741054 0.695126 0.741401 0.744591 0.742018 0.635584 0.644278 0.74283 0.749919 0.680556 0.623038 0.77339 0.67636 0.777217 0.7087 0.681374 0.648461 0.667319 0.700237 0.69921 0.736589 0.601078 0.465321 0.496207 0.402423 0.441791 0.6975 0.704743 0.67521 0.703964 0.703823 0.709301 0.727704 0.71629 0.622394 0.762566 0.763345 0.663629 0.741835 0.737983 0.754077 0.61336
0.696434 0.697339 0.74689 0.721636 0.654396 0.720957 0.726693 0.689327 0.729397 0.74502 0.758631 0.731644 0.769542 0.636874 0.706348 0.806731 0.818932 0.740757 0.687553 0.79697 0.618784 0.806294 0.634169 0.674344 0.70176 0.627075 0.689821 0.70492 0.676769 0.668314 0.71083 0.793395 0.650071 0.661232 0.735737 0.682091 0.65423 0.600635 0.75373 0.591081 0.676553 0.704424 0.707329 0.700118 0.410899 0.523732 0.41895 0.397487 0.741378 0.68177 0.743015 0.747763 0.695292 0.734396 0.73268 0.746108 0.733304 0.771093 0.760684 0.739429 0.685757 0.735244 0.657141
0.704129 0.756803 0.659445 0.730762 0.714225 0.81678 0.772534 0.782725 0.761917 0.6775 0.716669 0.769254 0.717931 0.757618 0.697184 0.770029 0.690725 0.81259 0.709828 0.703053 0.671647 0.730986 0.730377 0.649131 0.62381 0.70283 0.711962 0.676555 0.741149 0.639705 0.705276 0.699817 0.599335 0.787349 0.678713 0.776097 0.71174 0.787388 0.723057 0.750871 0.708946 0.653023 0.718151 0.657758 0.7173 0.46566 0.472525 0.385031 0.659734 0.720831 0.698846 0.696481 0.701031 0.697218 0.675839 0.724901 0.794147 0.668371 0.760059 0.734763 0.747064 0.718066 0.745631
0.692204 0.69362 0.734275 0.713761 0.711345 0.743573 0.745845 0.772903 0.722308 0.656737 0.737896 0.728444 0.60138 0.708323 0.661448 0.639963 0.709958 0.69747 0.673314 0.684911 0.782423 0.761279 0.658616 0.614495 0.677936 0.678464 0.79748 0.654927 0.740428 0.65343 0.620652 0.729976 0.664796 0.692646 0.666636 0.739336 0.642208 0.600397 0.652189 0.709055 0.758741 0.719886 0.785926 0.635757 0.740014 0.462896 0.398729 0.421652 0.370153 0.640797 0.685416 0.760499 0.783353 0.626062 0.687861 0.752548 0.690404 0.773974 0.786105 0.696304 0.696274 0.710198 0.805306
0.659489 0.79439 0.664528 0.739707 0.71837 0.735774 0.682659 0.650874 0.717039 0.688175 0.719225 0.716555 0.698331 0.755572 0.626096 0.752087 0.760435 0.69124 0.793978 0.796739 0.746624 0.787161 0.68343 0.715716 0.705813 0.682363 0.682161 0.740823 0.573162 0.776747 0.681412 0.684258 0.654702 0.688897 0.668314 0.695376 0.563994 0.732296 0.790123 0.665702 0.677459 0.755607 0.749893 0.719921 0.630872 0.766257 0.524175 0.410353 0.40004 0.402644 0.610404 0.741293 0.650866 0.657063 0.732389 0.693063 0.760064 0.615647 0.678473 0.684061 0.762482 0.641898 0.807573
0.703453 0.777046 0.731319 0.72488 0.776843 0.75615 0.683922 0.655149 0.709779 0.687107 0.644717 0.766977 0.706877 0.674465 0.737618 0.670002 0.698098 0.727271 0.66999 0.704221 0.734862 0.713605 0.722028 0.638337 0.627583 0.711552 0.618119 0.667329 0.637434 0.685085 0.690455 0.634905 0.743957 0.749388 0.627205 0.699497 0.604679 0.680276 0.605709 0.615806 0.686571 0.747988 0.676365 0.743548 0.720979 0.712517 0.470732 0.489424 0.518303 0.396916 0.636869 0.752778 0.683861 0.736656 0.753855 0.653182 0.760485 0.800416 0.668958 0.680229 0.731899 0.701573 0.628666
0.690048 0.739351 0.79011 0.666234 0.667784 0.733405 0.72625 0.824866 0.833691 0.760334 0.700357 0.70735 0.730297 0.700996 0.566164 0.807201 0.625144 0.734329 0.744994 0.657836 0.71233 0.708105 0.654192 0.745031 0.664909 0.623822 0.716885 0.645287 0.657274 0.641643 0.689393 0.69327 0.591944 0.676786 0.697682 0.636018 0.690644 0.734144 0.725538 0.671736 0.685574 0.59106 0.613894 0.773305 0.772943 0.707428 0.585794 0.477347 0.450424 0.365329 0.414854 0.751837 0.706613 0.76714 0.688978 0.816441 0.664187 0.720522 0.69371 0.701874 0.739328 0.683377 0.606374
0.59579 0.755392 0.603272 0.750066 0.706072 0.738643 0.753982 0.716379 0.736624 0.706004 0.761638 0.750427 0.748586 0.645868 0.691662 0.663271 0.738173 0.627137 0.707223 0.642909 0.743396 0.636253 0.723226 0.638302 0.630897 0.742827 0.837413 0.605978 0.661189 0.705167 0.713855 0.567614 0.644799 0.67052 0.629741 0.701248 0.730387 0.637859 0.763981 0.690097 0.632833 0.749575 0.698946 0.686241 0.750802 0.676329 0.665983 0.674071 0.499858 0.447203 0.502283 0.426579 0.601226 0.65471 0.744819 0.756356 0.644794 0.761519 0.73721 0.72842 0.647069 0.786514 0.719591
0.647096 0.776669 0.644532 0.775313 0.675113 0.749432 0.751709 0.659554 0.747927 0.718573 0.607527 0.690969 0.699857 0.721062 0.728481 0.674177 0.767438 0.760958 0.767197 0.572084 0.662806 0.717403 0.7289 0.730968 0.686444 0.620174 0.719232 0.720992 0.735987 0.761415 0.700698 0.730097 0.688087 0.757505 0.708392 0.786046 0.818986 0.736782 0.656439 0.687425 0.671384 0.679714 0.750402 0.694371 0.675043 0.772268 0.702294 0.632475 0.397403 0.392042 0.4047 0.425499 0.632887 0.685368 0.762946 0.702622 0.693877 0.777098 0.824444 0.619186 0.805586 0.731557 0.700239
0.726603 0.828621 0.640791 0.751739 0.701261 0.666645 0.774805 0.793818 0.619576 0.649989 0.708672 0.758827 0.799151 0.739728 0.716834 0.683108 0.692544 0.725007 0.741974 0.735413 0.616278 0.670138 0.606934 0.794236 0.642436 0.734145 0.681537 0.764441 0.779413 0.653726 0.66659 0.642049 0.71872 0.638721 0.676862 0.653143 0.681495 0.755164 0.698181 0.786995 0.763084 0.704602 0.686911 0.677122 0.613708 0.718318 0.648067 0.638367 0.684664 0.474577 0.439211 0.408576 0.480898 0.725102 0.657482 0.689977 0.752507 0.779259 0.787413 0.726459 0.72558 0.771201 0.670977
0.619998 0.708275 0.734595 0.74616 0.649486 0.744534 0.779752 0.744741 0.680835 0.690055 0.723122 0.733044 0.63454 0.733504 0.694868 0.678442 0.704519 0.717354 0.66098 0.710756 0.671826 0.705773 0.636911 0.623324 0.736097 0.799502 0.595875 0.686477 0.71271 0.66133 0.679533 0.624474 0.753043 0.69428 0.735601 0.737178 0.711336 0.770777 0.739051 0.632015 0.714524 0.745718 0.695283 0.738254 0.566146 0.762093 0.693626 0.666151 0.748959 0.406309 0.470738 0.479939 0.499604 0.455643 0.707517 0.721726 0.624574 0.800978 0.692102 0.743058 0.666415 0.748191 0.780298
0.740507 0.64263 0.681875 0.745691 0.773728 0.712058 0.693548 0.838451 0.657063 0.711888 0.71327 0.746674 0.567863 0.677734 0.642208 0.764447 0.748861 0.75915 0.736404 0.780174 0.70539 0.670763 0.666737 0.693209 0.688752 0.638949 0.651967 0.689207 0.661528 0.755994 0.693949 0.643521 0.604136 0.69196 0.759406 0.653055 0.753385 0.786152 0.696168 0.580842 0.684326 0.681474 0.619308 0.753569 0.73286 0.719933 0.66952 0.654961 0.68302 0.741384 0.401741 0.370624 0.411709 0.471421 0.473157 0.681719 0.758533 0.613115 0.712457 0.720827 0.664337 0.693172 0.770544
0.633785 0.760878 0.777564 0.691753 0.63534 0.626972 0.670754 0.74542 0.795511 0.684449 0.671181 0.736265 0.7777 0.718314 0.628659 0.718178 0.75884 0.680197 0.717673 0.732372 0.650703 0.82928 0.684468 0.693894 0.666035 0.782386 0.722427 0.693138 0.676074 0.770735 0.735583 0.703684 0.607559 0.568958 0.701091 0.724269 0.624937 0.69772 0.652922 0.770023 0.717726 0.706998 0.681973 0.717319 0.755889 0.748301 0.769759 0.756257 0.778142 0.668685 0.766313 0.520923 0.381224 0.43991 0.565656 0.642556 0.658185 0.687323 0.819632 0.766171 0.711303 0.708944 0.808745
0.582343 0.665099 0.820192 0.674479 0.635143 0.687281 0.80646 0.726296 0.639973 0.655729 0.590342 0.626003 0.774698 0.733793 0.645219 0.774173 0.688648 0.65288 0.734918 0.740574 0.642162 0.711505 0.720063 0.707376 0.758347 0.616102 0.695248 0.660346 0.689405 0.668343 0.715534 0.688247 0.649842 0.646027 0.680242 0.743487 0.61677 0.649371 0.680755 0.709393 0.776219 0.730823 0.666533 0.665447 0.707991 0.657699 0.744289 0.732996 0.673069 0.634423 0.608855 0.382296 0.480795 0.496064 0.471793 0.421241 0.599735 0.805393 0.773747 0.821482 0.722765 0.718642 0.788797
0.767 0.75204 0.666128 0.797123 0.74755 0.647616 0.703714 0.656905 0.735855 0.718728 0.719511 0.691355 0.631952 0.672246 0.693349 0.633276 0.763956 0.648136 0.658986 0.642734 0.635492 0.664921 0.690795 0.702794 0.651245 0.745662 0.747706 0.684253 0.602066 0.821914 0.715807 0.730376 0.690442 0.655956 0.633631 0.812312 0.653876 0.739178 0.674196 0.736894 0.729473 0.715964 0.707166 0.746079 0.683955 0.63611 0.682965 0.745973 0.645539 0.748338 0.71755 0.715515 0.493454 0.456882 0.511254 0.473376 0.451313 0.729863 0.726655 0.742988 0.702347 0.742732 0.719371
0.762609 0.673453 0.759097 0.679711 0.720689 0.753339 0.714367 0.638428 0.646972 0.785939 0.737838 0.760949 0.678506 0.588049 0.644057 0.667263 0.693983 0.73175 0.635676 0.725095 0.726949 0.744503 0.685569 0.578941 0.788056 0.690702 0.626515 0.676922 0.656013 0.730286 0.613322 0.693897 0.652639 0.64971 0.787034 0.723194 0.733511 0.712392 0.723755 0.659709 0.641862 0.637918 0.740647 0.673913 0.628867 0.644924 0.674828 0.701052 0.754332 0.67528 0.680235 0.688132 0.723662 0.408942 0.496816 0.422272 0.492328 0.45896 0.757153 0.761113 0.706441 0.67844 0.733966
0.584214 0.696615 0.729556 0.748515 0.691051 0.733186 0.73813 0.715183 0.741765 0.680616 0.697006 0.585002 0.61852 0.736729 0.709303 0.691771 0.629782 0.657099 0.558249 0.646477 0.700898 0.701922 0.712151 0.757591 0.669751 0.673215 0.717414 0.713423 0.605957 0.661718 0.629591 0.627853 0.64615 0.721843 0.719825 0.643181 0.686568 0.673916 0.658186 0.702486 0.788928 0.653156 0.738336 0.690351 0.609982 0.659835 0.697097 0.733339 0.624371 0.797288 0.728838 0.689051 0.647529 0.472776 0.397967 0.448478 0.43692 0.39517 0.478742 0.754496 0.688653 0.66753 0.768837
0.693313 0.685118 0.722215 0.669309 0.743168 0.720963 0.684076 0.697945 0.693823 0.704642 0.624489 0.622715 0.685713 0.666272 0.752286 0.658545 0.642633 0.806692 0.782463 0.67623 0.629645 0.749489 0.696171 0.639203 0.650857 0.688642 0.753407 0.662035 0.617865 0.632747 0.582881 0.699931 0.636947 0.662521 0.74882 0.76029 0.754401 0.743869 0.752415 0.73809 0.750912 0.723825 0.760857 0.719114 0.734378 0.655171 0.710786 0.70152 0.746892 0.701543 0.678047 0.654509 0.755693 0.718672 0.508372 0.447598 0.464106 0.479158 0.400612 0.731909 0.662095 0.697549 0.756042
0.818596 0.675113 0.777944 0.666917 0.676657 0.677747 0.591547 0.671559 0.729348 0.648299 0.671691 0.660183 0.662861 0.718514 0.610419 0.703805 0.812342 0.578198 0.725415 0.71105 0.679469 0.681782 0.588042 0.76411 0.709181 0.637455 0.783919 0.680543 0.717405 0.760087 0.672359 0.714731 0.726835 0.783676 0.752337 0.653828 0.602747 0.799194 0.68123 0.680488 0.659679 0.794479 0.792618 0.819022 0.711578 0.69864 0.747224 0.774874 0.667498 0.814222 0.71301 0.737832 0.767624 0.621559 0.703392 0.445984 0.5102 0.378222 0.397215 0.477976 0.69381 0.702619 0.731014
0.624891 0.686508 0.722941 0.737627 0.772678 0.650518 0.736082 0.698617 0.624027 0.680579 0.671847 0.614507 0.525291 0.665593 0.670889 0.740529 0.636491 0.66438 0.738654 0.689707 0.679148 0.676014 0.679319 0.658869 0.731808 0.70403 0.702533 0.686124 0.677077 0.690485 0.674098 0.757063 0.636826 0.77313 0.762585 0.628249 0.715744 0.73079 0.682732 0.723194 0.623427 0.653792 0.650354 0.681291 0.684079 0.719048 0.747988 0.733115 0.661015 0.713479 0.654678 0.727557 0.742455 0.723983 0.639563 0.403137 0.526365 0.453504 0.475076 0.449192 0.410415 0.77663 0.784175
0.657962 0.714914 0.689848 0.735484 0.663551 0.602742 0.70746 0.627707 0.607635 0.73284 0.758999 0.665633 0.669598 0.723723 0.750746 0.618294 0.575852 0.684793 0.597731 0.723703 0.658388 0.697413 0.601621 0.666977 0.714355 0.657463 0.694894 0.730678 0.702481 0.779223 0.710788 0.709634 0.659267 0.644892 0.751227 0.676387 0.825519 0.707245 0.663974 0.730219 0.638147 0.683772 0.666704 0.679962 0.656986 0.687663 0.684154 0.63537 0.745404 0.71525 0.697561 0.759894 0.781811 0.68524 0.791327 0.700227 0.466422 0.477346 0.401079 0.382778 0.486861 0.480878 0.758737
0.724007 0.694964 0.676395 0.67184 0.635511 0.62042 0.804089 0.728198 0.667079 0.784893 0.680311 0.65945 0.6736 0.632913 0.736133 0.709508 0.754707 0.693457 0.672928 0.746154 0.784667 0.660178 0.599508 0.656273 0.690432 0.686836 0.666436 0.732939 0.598969 0.569847 0.731037 0.661593 0.600997 0.756041 0.743768 0.736893 0.65152 0.73208 0.713101 0.700602 0.669749 0.753858 0.67869 0.765608 0.72357 0.661533 0.75222 0.716877 0.770587 0.725657 0.704867 0.722328 0.733658 0.758642 0.749623 0.740745 0.685093 0.409542 0.402152 0.37904 0.480589 0.486587 0.400674
0.779189 0.635205 0.783959 0.625003 0.756209 0.602663 0.69133 0.64271 0.642529 0.799543 0.648621 0.732027 0.669815 0.76851 0.681611 0.569828 0.700064 0.708817 0.693998 0.625422 0.691786 0.690489 0.65312 0.634158 0.75616 0.66695 0.623453 0.715625 0.771294 0.713107 0.680719 0.633003 0.733729 0.706852 0.730003 0.676268 0.646631 0.787059 0.727534 0.730147 0.720233 0.656841 0.709811 0.664822 0.614409 0.75804 0.785183 0.67867 0.740819 0.725317 0.685203 0.740292 0.705991 0.717903 0.704152 0.695822 0.802367 0.731321 0.442659 0.424353 0.432084 0.426539 0.448055
0.537081 0.676949 0.636849 0.682404 0.621902 0.706609 0.68771 0.596586 0.735564 0.604433 0.719107 0.647647 0.664443 0.65163 0.601771 0.715433 0.659171 0.659942 0.682858 0.673674 0.679704 0.626039 0.678665 0.638903 0.813604 0.635378 0.736217 0.728963 0.648033 0.701587 0.694675 0.615652 0.672471 0.601181 0.709749 0.591247 0.725417 0.698685 0.691621 0.68031 0.739918 0.788475 0.710122 0.686507 0.722763 0.728802 0.604891 0.677584 0.779652 0.7794 0.702206 0.712769 0.786139 0.751619 0.72999 0.706286 0.723133 0.765211 0.404894 0.414505 0.461441 0.424376 0.383343
0.729998 0.662866 0.685164 0.738686 0.696737 0.677321 0.701042 0.720514 0.683337 0.777145 0.683027 0.759636 0.7699 0.678969 0.629784 0.657098 0.627511 0.655304 0.775629 0.718211 0.694206 0.683953 0.64303 0.565067 0.770172 0.642417 0.701791 0.648472 0.708105 0.790673 0.640288 0.657021 0.655896 0.670995 0.689246 0.68506 0.72328 0.667175 0.716104 0.679316 0.68956 0.675117 0.656295 0.75109 0.682174 0.686602 0.763309 0.68803 0.753803 0.726957 0.749696 0.735445 0.659097 0.793546 0.763071 0.628877 0.738683 0.708439 0.721456 0.413112 0.481088 0.414359 0.543956
