Proyectos/DeforestationModel/output/banda_nir_2015.asc
ncols         300
nrows         300
xllcorner     273000
yllcorner     9.548e+06
cellsize      30
NODATA_value  -9999
[rows 112 to 139 of 300, columns 63 to 125 of 300]
0.793799 0.717393 0.773969 0.744755 0.622882 0.708719 0.747859 0.768563 0.786769 0.774036 0.765862 0.656387 0.737431 0.680523 0.661028 0.664486 0.688546 0.5949 0.564433 0.74166 0.600254 0.493046 0.671889 0.612351 0.632898 0.61213 0.617976 0.697098 0.620516 0.657786 0.619121 0.584492 0.70012 0.690754 0.60884 0.626175 0.581537 0.67658 0.683242 0.619029 0.718793 0.729302 0.700388 0.745992 0.727461 0.853034 0.724569 0.673513 0.777427 0.749033 0.761498 0.712242 0.818491 0.755893 0.414064 0.412167 0.392641 0.505581 0.785894 0.725608 0.702099 0.689085 0.715259
0.733161 0.788758 0.713212 0.72875 0.692645 0.784835 0.714718 0.739892 0.788561 0.736628 0.707359 0.75876 0.701431 0.635457 0.60429 0.588039 0.647932 0.599348 0.610427 0.579019 0.627763 0.542871 0.64804 0.684825 0.655073 0.636071 0.646046 0.667792 0.615556 0.512795 0.64454 0.681671 0.674318 0.631105 0.716409 0.692687 0.634595 0.740088 0.662612 0.633336 0.565519 0.750957 0.715468 0.658678 0.702294 0.713119 0.690245 0.69213 0.776425 0.739903 0.639439 0.780123 0.758607 0.428127 0.408367 0.410786 0.487087 0.759513 0.763605 0.795774 0.790615 0.713215 0.733987
0.760514 0.664328 0.758866 0.747076 0.777172 0.765207 0.78056 0.711347 0.806351 0.730582 0.689638 0.777813 0.700067 0.765826 0.533211 0.545841 0.625791 0.653279 0.693514 0.691923 0.653067 0.631945 0.653206 0.606132 0.631145 0.672135 0.600291 0.630739 0.631664 0.645563 0.648192 0.651723 0.60237 0.585952 0.707271 0.669644 0.601984 0.687815 0.680634 0.595403 0.658439 0.750587 0.710555 0.762562 0.723934 0.7014 0.742087 0.664828 0.814018 0.767271 0.71483 0.784602 0.440577 0.490773 0.415534 0.421414 0.718071 0.819444 0.787843 0.743057 0.811431 0.749592 0.807754
0.72252 0.63956 0.726513 0.698045 0.721591 0.76007 0.722136 0.735157 0.729263 0.803413 0.758884 0.771754 0.709804 0.606394 0.671901 0.590866 0.571629 0.682646 0.664022 0.61788 0.523397 0.701131 0.673419 0.641265 0.564364 0.648491 0.556342 0.619818 0.637398 0.6978 0.567828 0.602448 0.546631 0.597173 0.686081 0.691446 0.638682 0.727764 0.508348 0.569683 0.604765 0.639429 0.740109 0.679449 0.755396 0.737562 0.760991 0.634215 0.631606 0.705092 0.682242 0.707448 0.454879 0.40881 0.443892 0.429134 0.757639 0.805895 0.742985 0.729759 0.827024 0.677752 0.715013
0.780223 0.806372 0.782584 0.760275 0.722068 0.812323 0.634006 0.656748 0.787429 0.702315 0.754355 0.739269 0.63 0.688849 0.576548 0.653918 0.617609 0.60987 0.56626 0.63183 0.558642 0.609987 0.696877 0.641386 0.734765 0.629932 0.629047 0.681586 0.693118 0.663774 0.642916 0.62914 0.723816 0.606468 0.588875 0.668478 0.687073 0.674469 0.729084 0.620754 0.618227 0.650599 0.644544 0.735239 0.701787 0.778251 0.697235 0.720137 0.739257 0.785419 0.6903 0.417983 0.4019 0.416135 0.453527 0.753567 0.747519 0.766069 0.700405 0.736586 0.761426 0.733997 0.627709
0.778107 0.754994 0.697738 0.684887 0.644991 0.734974 0.762789 0.709969 0.732871 0.820612 0.79021 0.752865 0.710938 0.628202 0.564264 0.665057 0.610519 0.646917 0.694145 0.599618 0.681814 0.637449 0.5556 0.523451 0.606211 0.771392 0.636212 0.570077 0.673017 0.638548 0.574173 0.604757 0.599785 0.617673 0.580981 0.677702 0.673941 0.570958 0.640936 0.647523 0.604448 0.656993 0.754565 0.623529 0.688741 0.75737 0.756804 0.700351 0.743858 0.753538 0.729757 0.422454 0.402807 0.366371 0.795832 0.771667 0.640381 0.722311 0.771484 0.790807 0.826671 0.694727 0.77903
0.641061 0.805391 0.785179 0.752881 0.828728 0.730153 0.712039 0.753725 0.788217 0.653155 0.770241 0.702876 0.594609 0.645059 0.634246 0.700963 0.686724 0.649424 0.699144 0.669848 0.670162 0.725598 0.612147 0.651629 0.627238 0.592897 0.68883 0.665049 0.595504 0.554862 0.570373 0.62871 0.671359 0.593475 0.610724 0.608121 0.621943 0.523637 0.634946 0.704783 0.625612 0.700192 0.629312 0.764329 0.767468 0.763545 0.695817 0.72284 0.786288 0.719575 0.491787 0.464966 0.398289 0.420783 0.644956 0.77498 0.712481 0.774554 0.730422 0.766928 0.684244 0.776436 0.670306
0.736779 0.734159 0.690878 0.785049 0.757306 0.748591 0.644726 0.714512 0.614977 0.781718 0.735528 0.69465 0.742394 0.662851 0.684972 0.660288 0.541599 0.663364 0.671883 0.648023 0.610609 0.644815 0.636443 0.66615 0.565031 0.582249 0.612383 0.59847 0.608387 0.626459 0.671791 0.624438 0.743332 0.568942 0.620065 0.623331 0.587081 0.583939 0.586155 0.637885 0.504489 0.643198 0.67849 0.699709 0.706085 0.710145 0.652159 0.670625 0.716635 0.446961 0.419572 0.448441 0.428957 0.76215 0.784616 0.634114 0.68898 0.74117 0.677389 0.775219 0.712445 0.729873 0.799534
0.686974 0.715352 0.689605 0.677249 0.690673 0.72488 0.692436 0.695909 0.796292 0.724015 0.743605 0.686126 0.537229 0.597723 0.622843 0.615118 0.697162 0.640125 0.637938 0.660878 0.600238 0.655344 0.563692 0.659007 0.611354 0.662288 0.635071 0.653445 0.548177 0.516591 0.602168 0.714205 0.72734 0.654887 0.664375 0.637186 0.638937 0.616631 0.584679 0.65303 0.62927 0.595082 0.700781 0.709991 0.79718 0.749409 0.698603 0.73391 0.715124 0.44079 0.52513 0.471286 0.498535 0.761468 0.695142 0.814063 0.750965 0.747548 0.733463 0.742736 0.813257 0.794919 0.761644
0.738628 0.773108 0.789131 0.718091 0.690873 0.756292 0.748862 0.776436 0.659924 0.66489 0.730287 0.663417 0.734821 0.648731 0.700204 0.502691 0.625214 0.55797 0.687436 0.704703 0.592457 0.735686 0.730537 0.53794 0.580386 0.615755 0.634892 0.654493 0.733285 0.644341 0.56293 0.666237 0.515391 0.675539 0.631594 0.605886 0.538712 0.67748 0.527736 0.671715 0.741516 0.609507 0.640705 0.75812 0.770449 0.791722 0.664786 0.744089 0.475213 0.424553 0.44866 0.392508 0.710611 0.816577 0.812161 0.734436 0.759886 0.754555 0.725968 0.747964 0.786554 0.760579 0.772436
0.63368 0.823607 0.668652 0.667715 0.76982 0.65223 0.720581 0.683512 0.686522 0.705222 0.670347 0.731069 0.690995 0.584501 0.607702 0.628234 0.564702 0.638633 0.69839 0.600917 0.647905 0.710517 0.637987 0.69374 0.680015 0.626656 0.62225 0.616763 0.545235 0.583322 0.579899 0.630135 0.649882 0.647132 0.69421 0.669169 0.680117 0.643233 0.648842 0.601064 0.632215 0.688228 0.7099 0.718353 0.758348 0.792487 0.67365 0.711143 0.547668 0.411292 0.503236 0.717286 0.683954 0.751778 0.779456 0.808772 0.80137 0.761879 0.767984 0.745502 0.749021 0.766424 0.691469
0.707237 0.663434 0.777603 0.721969 0.805351 0.727511 0.614103 0.794516 0.731957 0.704912 0.711418 0.666223 0.579136 0.572777 0.636095 0.598948 0.534967 0.675723 0.705492 0.637828 0.657683 0.582497 0.645588 0.641677 0.657447 0.565284 0.777888 0.621862 0.580951 0.611017 0.623239 0.497888 0.684273 0.573834 0.713597 0.632748 0.693586 0.728709 0.672931 0.631063 0.629297 0.650747 0.698392 0.707096 0.714361 0.769747 0.715832 0.439876 0.508137 0.504401 0.480458 0.798399 0.712585 0.807219 0.67263 0.683173 0.714028 0.701031 0.702424 0.702684 0.703586 0.727703 0.64367
0.777243 0.682966 0.690709 0.656161 0.706225 0.711014 0.785001 0.647644 0.678061 0.715065 0.685565 0.658419 0.726756 0.68487 0.682025 0.617314 0.644948 0.561344 0.681154 0.614112 0.615617 0.651945 0.776661 0.576868 0.61448 0.637686 0.640181 0.64087 0.5957 0.587307 0.668447 0.500302 0.615501 0.580586 0.647277 0.63978 0.576941 0.630269 0.716099 0.563149 0.660097 0.586847 0.644541 0.749087 0.61644 0.69173 0.782772 0.502906 0.399328 0.404673 0.706681 0.766743 0.798461 0.653334 0.802374 0.762996 0.774536 0.693911 0.76194 0.687829 0.772237 0.705037 0.747633
0.684668 0.760879 0.669479 0.695983 0.738899 0.69332 0.676944 0.556289 0.707049 0.790726 0.761288 0.545969 0.620333 0.628693 0.638282 0.645707 0.684157 0.703728 0.542429 0.754871 0.64298 0.693144 0.587273 0.696286 0.632743 0.665653 0.592571 0.564382 0.632138 0.596753 0.598691 0.592601 0.662494 0.554454 0.63212 0.609564 0.596488 0.556401 0.722141 0.622796 0.695031 0.587799 0.698832 0.743079 0.741498 0.762363 0.423035 0.510589 0.401115 0.433933 0.814604 0.75511 0.716551 0.78611 0.811675 0.743888 0.778401 0.758637 0.798784 0.699377 0.772114 0.78208 0.710843
0.697254 0.778431 0.759523 0.671442 0.634105 0.618456 0.747892 0.740674 0.63834 0.75665 0.737531 0.678487 0.613703 0.572906 0.583828 0.656748 0.57224 0.652684 0.647296 0.727662 0.727295 0.656389 0.60646 0.584255 0.635181 0.563942 0.638564 0.683124 0.504047 0.594091 0.686628 0.663494 0.715322 0.721874 0.681608 0.627698 0.603738 0.630018 0.651428 0.657116 0.583644 0.627393 0.574956 0.711222 0.781058 0.770106 0.502096 0.473176 0.441161 0.713421 0.720521 0.676356 0.750152 0.700536 0.784645 0.717367 0.741179 0.711394 0.765767 0.705145 0.801374 0.785134 0.711591
0.694418 0.693899 0.707487 0.730598 0.765823 0.706299 0.802224 0.6903 0.644854 0.71908 0.779013 0.519941 0.621679 0.604805 0.692378 0.545409 0.61145 0.698405 0.730057 0.637422 0.62605 0.590039 0.607909 0.548262 0.693643 0.56956 0.653719 0.647324 0.548598 0.67653 0.534856 0.601118 0.546037 0.602906 0.707497 0.610989 0.698444 0.665891 0.577046 0.669153 0.630175 0.662812 0.485789 0.68258 0.64755 0.510932 0.391524 0.416026 0.483485 0.687039 0.81067 0.716424 0.754203 0.69277 0.713585 0.731691 0.790551 0.756066 0.769938 0.676146 0.713535 0.705689 0.722812
0.70867 0.798024 0.672845 0.784028 0.73015 0.708564 0.762597 0.698257 0.71347 0.725221 0.611917 0.590612 0.624164 0.69616 0.647346 0.658126 0.617178 0.728607 0.588606 0.574262 0.656944 0.586079 0.572916 0.66733 0.564855 0.568739 0.627599 0.646416 0.638143 0.644956 0.621508 0.585274 0.57514 0.669516 0.58481 0.631507 0.703272 0.596629 0.695829 0.664072 0.472931 0.53963 0.520245 0.747122 0.759612 0.433294 0.485968 0.406687 0.626274 0.657802 0.796862 0.67609 0.733955 0.847468 0.774367 0.71905 0.794172 0.699493 0.736039 0.738158 0.802447 0.799135 0.800933
0.759874 0.736909 0.777645 0.737309 0.720787 0.690832 0.793508 0.712999 0.711143 0.687435 0.654476 0.657032 0.627486 0.663328 0.662887 0.658086 0.721139 0.639805 0.629844 0.629735 0.69269 0.634633 0.663367 0.636347 0.611176 0.66932 0.655494 0.578698 0.597939 0.705058 0.623607 0.608921 0.685561 0.68492 0.625761 0.595402 0.628783 0.624261 0.620274 0.629386 0.555379 0.731082 0.584599 0.65275 0.384784 0.408778 0.488957 0.456559 0.8162 0.683011 0.746964 0.723831 0.723636 0.758481 0.734814 0.721396 0.763368 0.777506 0.760321 0.698626 0.755812 0.628367 0.795591
0.751741 0.593324 0.736099 0.658673 0.795989 0.653732 0.73178 0.700814 0.740893 0.622928 0.741188 0.658456 0.655303 0.680117 0.688645 0.618984 0.697886 0.715816 0.65746 0.564907 0.585921 0.637732 0.651361 0.676677 0.69358 0.594307 0.55784 0.536996 0.741501 0.668398 0.66856 0.663357 0.623086 0.552646 0.588426 0.56089 0.591361 0.650623 0.60311 0.651803 0.615333 0.74898 0.655778 0.625837 0.428443 0.454484 0.409235 0.717271 0.728932 0.680766 0.847064 0.674178 0.724398 0.621887 0.784837 0.789473 0.678744 0.657072 0.788018 0.809207 0.723836 0.690141 0.806964
0.711411 0.803662 0.680106 0.670869 0.686061 0.770882 0.655294 0.719482 0.690049 0.704944 0.591859 0.607858 0.677756 0.658287 0.61698 0.587607 0.680142 0.647438 0.639103 0.640538 0.647924 0.57612 0.610903 0.590669 0.678768 0.700298 0.537084 0.583548 0.636826 0.57621 0.621979 0.666166 0.598218 0.607127 0.606067 0.608875 0.662658 0.54923 0.632801 0.682978 0.637404 0.586205 0.648128 0.62894 0.39157 0.433411 0.51457 0.691147 0.728619 0.735984 0.78328 0.780717 0.702898 0.644198 0.780749 0.803927 0.61864 0.808786 0.815717 0.76903 0.699858 0.673922 0.752471
0.793168 0.710565 0.76979 0.651266 0.710051 0.643275 0.703343 0.724026 0.773678 0.717258 0.735157 0.659297 0.666515 0.623801 0.652764 0.602471 0.703295 0.652445 0.654985 0.522589 0.575438 0.664325 0.613953 0.600054 0.584967 0.555523 0.653911 0.658212 0.643625 0.608266 0.609814 0.680773 0.649495 0.6648 0.657283 0.688084 0.693371 0.612066 0.660921 0.600577 0.665785 0.650533 0.63494 0.57402 0.517946 0.377796 0.477003 0.71718 0.771408 0.677346 0.785355 0.752065 0.752932 0.756517 0.732892 0.808259 0.793569 0.694452 0.711375 0.790659 0.674718 0.797824 0.7118
0.656983 0.679697 0.799417 0.754004 0.749685 0.718481 0.634069 0.686169 0.662718 0.629491 0.633145 0.639527 0.674365 0.608292 0.687592 0.691402 0.627831 0.61682 0.619013 0.731467 0.708205 0.663636 0.630142 0.745378 0.635194 0.62288 0.599086 0.567052 0.665997 0.706511 0.632622 0.633724 0.633551 0.603426 0.672169 0.564 0.557329 0.608823 0.674683 0.637813 0.641289 0.694001 0.5041 0.511331 0.505857 0.420544 0.734723 0.708217 0.8046 0.685234 0.809394 0.694395 0.763884 0.728428 0.754535 0.694187 0.772625 0.612774 0.739466 0.674548 0.713717 0.730043 0.768373
0.796844 0.674906 0.714356 0.742693 0.765861 0.618101 0.787898 0.650575 0.708 0.66968 0.692929 0.632063 0.533458 0.653363 0.648059 0.711023 0.536543 0.732961 0.654864 0.593148 0.693773 0.695382 0.636926 0.626925 0.61933 0.668094 0.632935 0.587142 0.628136 0.706573 0.585655 0.601914 0.651282 0.532512 0.567467 0.695311 0.652222 0.664032 0.639088 0.551683 0.640518 0.65025 0.551447 0.565033 0.457611 0.380531 0.707773 0.777626 0.787662 0.716305 0.697345 0.656405 0.782091 0.728682 0.732184 0.760576 0.69062 0.717389 0.662329 0.775562 0.850428 0.727538 0.702192
0.785355 0.68063 0.686568 0.711751 0.692041 0.735406 0.708493 0.712748 0.747567 0.719893 0.627445 0.53937 0.625991 0.729009 0.596995 0.675392 0.596289 0.668504 0.593336 0.640266 0.621 0.640834 0.679193 0.615776 0.658823 0.649262 0.598841 0.787232 0.660739 0.561536 0.518878 0.649757 0.655303 0.706004 0.487268 0.626117 0.558498 0.605998 0.645578 0.641686 0.566477 0.697024 0.462152 0.579003 0.427477 0.701315 0.694294 0.675795 0.721043 0.697123 0.689418 0.678064 0.80645 0.704288 0.79678 0.712427 0.813892 0.705302 0.711579 0.755694 0.738195 0.650585 0.781027
0.784996 0.768069 0.750163 0.674011 0.686243 0.700156 0.79917 0.779701 0.612157 0.763214 0.755482 0.695717 0.614882 0.7569 0.698665 0.647604 0.628242 0.648113 0.548309 0.642462 0.678227 0.687244 0.669874 0.656205 0.650955 0.568195 0.631362 0.663011 0.510809 0.612309 0.711685 0.667659 0.612963 0.573932 0.628345 0.570613 0.59132 0.685519 0.632286 0.520204 0.653964 0.551067 0.543263 0.465197 0.516993 0.767006 0.773643 0.684895 0.801215 0.754429 0.731379 0.764174 0.692381 0.72089 0.716689 0.748907 0.765723 0.728275 0.73796 0.751747 0.692464 0.729313 0.748815
0.792887 0.765499 0.717632 0.670221 0.760655 0.657068 0.699986 0.674825 0.636419 0.747474 0.696917 0.699805 0.613289 0.624428 0.658383 0.603938 0.714865 0.66466 0.628411 0.642964 0.583824 0.579423 0.523062 0.585801 0.666245 0.626834 0.665378 0.764645 0.681601 0.644818 0.633475 0.632894 0.648094 0.677246 0.574837 0.521294 0.561099 0.592418 0.785809 0.690735 0.645247 0.536593 0.464715 0.46779 0.464742 0.737576 0.833211 0.73035 0.672256 0.719343 0.70931 0.7984 0.790075 0.745496 0.742659 0.744583 0.719703 0.744248 0.767929 0.819828 0.701926 0.781193 0.763116
0.781717 0.694816 0.739487 0.686717 0.660358 0.647216 0.716197 0.738475 0.647636 0.738438 0.633989 0.791417 0.529406 0.596033 0.60125 0.61994 0.528639 0.591625 0.556855 0.713775 0.636838 0.689066 0.682689 0.54633 0.595064 0.674433 0.719435 0.652083 0.549132 0.623739 0.566286 0.711112 0.650413 0.684287 0.614935 0.630681 0.585036 0.637169 0.634644 0.616779 0.497769 0.591084 0.552886 0.434068 0.766763 0.761201 0.769464 0.735789 0.812548 0.798269 0.772183 0.815156 0.770418 0.587715 0.707311 0.631756 0.694641 0.700432 0.723452 0.827418 0.727284 0.664217 0.813993
0.812902 0.644685 0.759532 0.79558 0.759071 0.640677 0.695959 0.686106 0.610758 0.692208 0.595564 0.744717 0.57726 0.588842 0.585224 0.728944 0.589273 0.586013 0.691242 0.560292 0.651975 0.671651 0.589557 0.597239 0.634827 0.619162 0.680929 0.626017 0.621829 0.678985 0.666061 0.612534 0.615563 0.564703 0.557178 0.674972 0.694568 0.628965 0.750837 0.716164 0.625642 0.480644 0.51999 0.428801 0.804466 0.627609 0.662868 0.692489 0.753785 0.650849 0.774517 0.819818 0.71839 0.709534 0.742673 0.79395 0.688812 0.733845 0.64693 0.696425 0.724066 0.705234 0.768788
