Proyectos/DeforestationModel/output/banda_nir_2015.asc
ncols         300
nrows         300
xllcorner     273000
yllcorner     9.548e+06
cellsize      30
NODATA_value  -9999
[rows 28 to 55 of 300, columns 63 to 125 of 300]
0.788533 0.820305 0.700617 0.763279 0.678405 0.689133 0.719131 0.72199 0.70176 0.680319 0.70663 0.761754 0.771403 0.640895 0.68604 0.707096 0.726933 0.62398 0.749823 0.741979 0.546237 0.669674 0.735244 0.796179 0.588977 0.745699 0.720833 0.653493 0.677147 0.708581 0.767678 0.684609 0.661718 0.616323 0.676202 0.58169 0.747084 0.627268 0.705402 0.804129 0.710795 0.785017 0.703811 0.721941 0.63166 0.741571 0.635099 0.607614 0.438463 0.430223 0.509002 0.694792 0.652907 0.757866 0.768229 0.765042 0.694935 0.578089 0.782283 0.783273 0.719274 0.565611 0.679953
0.796582 0.75062 0.802474 0.690213 0.722411 0.655151 0.676677 0.821089 0.781434 0.680096 0.664466 0.694858 0.769735 0.711779 0.705759 0.740766 0.683507 0.710116 0.676929 0.65424 0.77636 0.662106 0.639297 0.617334 0.691419 0.658458 0.665415 0.778159 0.739178 0.735975 0.645514 0.677715 0.674315 0.641647 0.766064 0.672362 0.701632 0.742043 0.732744 0.625402 0.775715 0.796861 0.757831 0.758348 0.772047 0.643226 0.742692 0.725655 0.432217 0.457641 0.409386 0.469704 0.794506 0.769293 0.757969 0.735953 0.735763 0.757115 0.798883 0.784978 0.657781 0.676657 0.68557
0.720742 0.72952 0.748204 0.709418 0.684765 0.69682 0.837399 0.787988 0.729909 0.776193 0.725654 0.746651 0.752582 0.797127 0.706521 0.719722 0.735861 0.712263 0.639993 0.787441 0.712289 0.751638 0.699257 0.743986 0.690899 0.633081 0.691445 0.633582 0.73436 0.649458 0.574987 0.657115 0.644977 0.633728 0.719088 0.653057 0.700789 0.669949 0.730997 0.641114 0.710078 0.690493 0.692236 0.698076 0.757723 0.708508 0.765727 0.611333 0.681189 0.382616 0.424095 0.393176 0.489489 0.660678 0.690547 0.75514 0.6957 0.658978 0.746458 0.753319 0.611202 0.672632 0.712139
0.804197 0.753788 0.758922 0.744701 0.715 0.721201 0.809207 0.682568 0.759307 0.673124 0.755008 0.785356 0.698988 0.733477 0.660557 0.709637 0.710105 0.609415 0.747962 0.654179 0.695181 0.811605 0.766799 0.748236 0.683376 0.669139 0.596055 0.762972 0.754446 0.653529 0.690848 0.67941 0.716038 0.757129 0.659358 0.811284 0.726033 0.69987 0.695068 0.661325 0.689721 0.708828 0.696476 0.683604 0.680771 0.690527 0.648375 0.791745 0.669464 0.488463 0.405333 0.434958 0.455734 0.796946 0.740247 0.640548 0.724908 0.773415 0.749891 0.726825 0.695192 0.740222 0.710906
0.75678 0.713588 0.708867 0.759548 0.700056 0.698965 0.740943 0.766249 0.728829 0.70274 0.66703 0.71595 0.772021 0.707752 0.805518 0.72774 0.726892 0.690038 0.702427 0.814511 0.792911 0.735267 0.700378 0.787473 0.664716 0.759075 0.714386 0.69258 0.670863 0.638191 0.729039 0.724632 0.658483 0.689108 0.746201 0.664973 0.56186 0.705422 0.649958 0.755385 0.59144 0.688423 0.71922 0.643596 0.674175 0.681956 0.666713 0.686194 0.627279 0.704719 0.447559 0.47559 0.481393 0.483377 0.667645 0.725561 0.797813 0.730922 0.660927 0.776127 0.647402 0.651625 0.787314
0.673067 0.647273 0.679599 0.695023 0.64784 0.786776 0.655072 0.716346 0.749589 0.632299 0.619806 0.719993 0.752225 0.766665 0.746872 0.689914 0.639677 0.715293 0.652833 0.78172 0.737652 0.697875 0.642652 0.618961 0.698185 0.72159 0.656222 0.771461 0.696481 0.676739 0.654589 0.705096 0.75486 0.698941 0.765135 0.660445 0.679003 0.649345 0.715016 0.714099 0.783934 0.679882 0.617931 0.747478 0.697707 0.717238 0.758535 0.792492 0.762046 0.680225 0.78545 0.433368 0.447609 0.456975 0.774769 0.71669 0.656862 0.73177 0.705122 0.725414 0.757891 0.774305 0.685268
0.761611 0.709643 0.608049 0.760876 0.741823 0.725147 0.681559 0.641495 0.730759 0.792494 0.739932 0.735565 0.699794 0.641433 0.673121 0.603144 0.595698 0.627514 0.724739 0.684062 0.715111 0.685881 0.703035 0.672187 0.669537 0.768666 0.647338 0.762403 0.676155 0.725856 0.704087 0.732719 0.775349 0.794548 0.754483 0.682399 0.668475 0.727845 0.743369 0.669398 0.698372 0.720847 0.739704 0.75417 0.702108 0.70072 0.778464 0.769232 0.747651 0.738731 0.669645 0.530382 0.464546 0.432602 0.428251 0.640364 0.661553 0.738804 0.720455 0.592358 0.704286 0.773751 0.785404
0.693002 0.712857 0.737841 0.767409 0.635112 0.722288 0.624763 0.700636 0.653048 0.682285 0.725053 0.702594 0.687741 0.610205 0.742836 0.731029 0.740997 0.720204 0.687769 0.703636 0.631593 0.660666 0.616147 0.762927 0.652708 0.656621 0.760127 0.646075 0.691965 0.663652 0.775191 0.6856 0.769339 0.650431 0.817237 0.752038 0.704605 0.785487 0.708531 0.725067 0.692657 0.774013 0.695778 0.673142 0.66466 0.722106 0.761663 0.66782 0.728747 0.656588 0.637823 0.604086 0.378957 0.465408 0.49231 0.439468 0.673907 0.739211 0.753706 0.695768 0.734434 0.790736 0.755581
0.67464 0.675717 0.711309 0.774261 0.7114 0.752401 0.699268 0.697958 0.791766 0.717883 0.732397 0.727654 0.809762 0.704219 0.773871 0.651047 0.725995 0.752491 0.745532 0.69321 0.658471 0.654846 0.744481 0.749519 0.727243 0.702253 0.701738 0.643586 0.707008 0.683243 0.799895 0.708203 0.674778 0.795972 0.707856 0.668677 0.757528 0.681012 0.698281 0.713495 0.714614 0.669864 0.757781 0.790509 0.691662 0.615012 0.736097 0.702084 0.663215 0.667095 0.78282 0.736864 0.46916 0.441687 0.446333 0.399615 0.712568 0.80375 0.698089 0.677097 0.757093 0.785348 0.662894
0.67109 0.72038 0.747926 0.780087 0.79113 0.681805 0.791069 0.697631 0.770298 0.664359 0.721314 0.673802 0.691153 0.689403 0.770823 0.669351 0.79988 0.718933 0.678047 0.686404 0.654534 0.724021 0.632951 0.593695 0.657357 0.751024 0.774865 0.72686 0.641055 0.731674 0.653475 0.769221 0.714672 0.628656 0.703394 0.701378 0.706195 0.673216 0.767595 0.680434 0.766014 0.777007 0.657479 0.739591 0.687454 0.72639 0.747195 0.723297 0.657845 0.685634 0.711435 0.781401 0.751523 0.380201 0.537267 0.457214 0.57596 0.773591 0.796534 0.721696 0.726285 0.735303 0.827395
0.670387 0.711352 0.68813 0.726826 0.716187 0.717466 0.763592 0.764182 0.788755 0.71484 0.767141 0.691907 0.744193 0.679448 0.684547 0.633114 0.68321 0.596154 0.663722 0.734177 0.783522 0.72906 0.748826 0.616494 0.702126 0.689439 0.776653 0.752299 0.683215 0.790451 0.760945 0.713211 0.732147 0.737821 0.623914 0.698989 0.692039 0.674424 0.754366 0.755049 0.724788 0.66493 0.757685 0.712243 0.73937 0.802379 0.66406 0.766024 0.735666 0.763732 0.816558 0.774423 0.719157 0.719168 0.497173 0.368903 0.388013 0.441115 0.671694 0.726614 0.656218 0.747618 0.795448
0.695354 0.802472 0.745728 0.736212 0.664132 0.663541 0.735949 0.632959 0.792942 0.691784 0.684462 0.699863 0.646726 0.622113 0.74211 0.723546 0.720417 0.697235 0.694693 0.684413 0.721134 0.71477 0.70126 0.805402 0.644811 0.645965 0.692857 0.75537 0.698916 0.737036 0.764465 0.611826 0.719578 0.7088 0.808602 0.762067 0.696374 0.725435 0.685021 0.713884 0.681908 0.726904 0.787328 0.800448 0.706593 0.776943 0.702053 0.73279 0.656233 0.753568 0.745941 0.785617 0.782691 0.805658 0.403295 0.500973 0.550088 0.451556 0.712884 0.631959 0.723557 0.79592 0.725211
0.730263 0.807933 0.695993 0.635802 0.65301 0.70943 0.704548 0.660172 0.713897 0.731306 0.607396 0.714365 0.660622 0.816449 0.762358 0.672916 0.707647 0.739885 0.734605 0.6966 0.7207 0.736279 0.797139 0.714323 0.681465 0.71051 0.763672 0.763773 0.726485 0.768707 0.6543 0.657655 0.765627 0.764664 0.7279 0.750192 0.69998 0.76148 0.767965 0.696277 0.658662 0.74253 0.657279 0.716033 0.683645 0.740234 0.795289 0.721847 0.691247 0.725569 0.701733 0.749542 0.80931 0.805718 0.771909 0.451035 0.375293 0.376871 0.39236 0.709689 0.771941 0.782713 0.793277
0.648763 0.675148 0.711789 0.710626 0.759636 0.818588 0.66182 0.709118 0.652804 0.748418 0.707731 0.676687 0.639755 0.665546 0.721583 0.731104 0.633267 0.681747 0.732626 0.70211 0.717077 0.697175 0.739297 0.717787 0.687987 0.585405 0.619131 0.736492 0.586378 0.71239 0.770036 0.733642 0.639691 0.634329 0.661629 0.632238 0.764647 0.796402 0.764318 0.6635 0.631088 0.684752 0.780709 0.656919 0.712197 0.725108 0.782595 0.817666 0.750907 0.639953 0.677796 0.698086 0.749723 0.663205 0.789681 0.413982 0.525789 0.474532 0.471502 0.447593 0.741388 0.694631 0.809484
0.771198 0.584305 0.717071 0.609036 0.694063 0.772293 0.742871 0.711973 0.715837 0.654296 0.711311 0.716765 0.83235 0.625541 0.768246 0.738995 0.754141 0.649614 0.692913 0.696324 0.690997 0.631429 0.773942 0.669942 0.599749 0.686346 0.614022 0.789066 0.752285 0.701964 0.690513 0.771357 0.773015 0.632104 0.678285 0.695181 0.683997 0.779509 0.762623 0.666053 0.73929 0.749486 0.697784 0.712218 0.751213 0.722224 0.761356 0.751741 0.763339 0.786177 0.653518 0.77565 0.717513 0.731265 0.710739 0.698862 0.440308 0.532858 0.536858 0.410843 0.509225 0.787652 0.756539
0.712551 0.685452 0.675444 0.692057 0.81438 0.717468 0.704522 0.713547 0.775578 0.706957 0.690815 0.698346 0.785013 0.659862 0.700905 0.714066 0.678486 0.761906 0.704712 0.766087 0.61966 0.689965 0.606245 0.697707 0.748082 0.64967 0.721803 0.707938 0.688205 0.682758 0.798296 0.726682 0.732451 0.705144 0.733075 0.740878 0.747284 0.799647 0.74644 0.656624 0.723682 0.676648 0.708492 0.742143 0.651662 0.791731 0.733635 0.75335 0.73057 0.780194 0.753199 0.815432 0.732541 0.740354 0.736393 0.718776 0.750237 0.425936 0.38557 0.454857 0.457794 0.740338 0.720771
0.654709 0.65559 0.674024 0.665388 0.812589 0.690692 0.728737 0.702094 0.73035 0.775837 0.68067 0.735346 0.710289 0.659552 0.815349 0.674927 0.654073 0.707618 0.683919 0.601541 0.662241 0.66484 0.769855 0.670926 0.765836 0.68587 0.793717 0.808749 0.714558 0.744805 0.656147 0.782176 0.673801 0.717118 0.644909 0.724469 0.708463 0.744427 0.747177 0.710839 0.819436 0.701848 0.819751 0.677145 0.748307 0.665443 0.690637 0.72552 0.75974 0.657375 0.769387 0.788599 0.698691 0.718111 0.794885 0.67575 0.749858 0.422071 0.44571 0.492366 0.47821 0.511493 0.717188
0.746907 0.674092 0.727735 0.745509 0.78213 0.786884 0.698452 0.741495 0.651092 0.684823 0.692866 0.714155 0.693345 0.784687 0.639777 0.789401 0.702148 0.726954 0.693699 0.578367 0.765006 0.720943 0.6975 0.679393 0.683367 0.693136 0.695597 0.726616 0.681896 0.801811 0.70628 0.780976 0.721896 0.751583 0.715366 0.716818 0.706501 0.718588 0.676288 0.671462 0.802786 0.640324 0.761688 0.719465 0.789699 0.642518 0.665935 0.689302 0.713169 0.717098 0.720765 0.781442 0.68492 0.702948 0.737674 0.694814 0.717103 0.755178 0.470156 0.405684 0.46118 0.444808 0.624736
0.731852 0.664462 0.751496 0.650815 0.671619 0.680959 0.654001 0.710339 0.707871 0.79576 0.712439 0.679761 0.69292 0.75808 0.748613 0.652119 0.822747 0.707945 0.629531 0.69357 0.617041 0.698686 0.798222 0.800894 0.67944 0.68255 0.676579 0.690905 0.714437 0.752733 0.751937 0.747539 0.664479 0.770427 0.676938 0.620972 0.648311 0.759817 0.709188 0.655424 0.645084 0.768538 0.77682 0.788899 0.706234 0.671856 0.775809 0.765682 0.728262 0.682531 0.72985 0.696891 0.681611 0.689798 0.752859 0.678957 0.746577 0.777834 0.76025 0.368454 0.490587 0.379706 0.46314
0.702363 0.684693 0.6405 0.794828 0.741973 0.691377 0.698706 0.775949 0.704283 0.699735 0.739974 0.72412 0.69295 0.700435 0.651115 0.726645 0.729891 0.795077 0.680824 0.731328 0.646364 0.819908 0.656975 0.762271 0.726696 0.711614 0.756032 0.684065 0.689128 0.693649 0.712565 0.64412 0.788003 0.618206 0.657469 0.675749 0.694131 0.732389 0.715944 0.729614 0.674759 0.718645 0.731755 0.722551 0.646195 0.767573 0.731061 0.740389 0.731382 0.647378 0.732585 0.693819 0.741372 0.706744 0.756542 0.833597 0.675378 0.772048 0.624446 0.459392 0.364 0.403834 0.39311
0.727162 0.676281 0.614931 0.698718 0.71976 0.751442 0.803189 0.79611 0.633992 0.683366 0.630624 0.666557 0.77206 0.598566 0.735724 0.709801 0.67941 0.587707 0.825478 0.729812 0.745181 0.657601 0.69564 0.73041 0.750652 0.717293 0.742484 0.677301 0.788741 0.71048 0.776764 0.716835 0.781984 0.777921 0.660836 0.668053 0.74429 0.839065 0.792686 0.755982 0.726656 0.79043 0.724346 0.657542 0.61524 0.666487 0.730743 0.634576 0.713488 0.809813 0.754881 0.77744 0.680512 0.724681 0.805495 0.798815 0.758565 0.755757 0.697766 0.72069 0.45601 0.414421 0.457116
0.710705 0.759383 0.67909 0.811676 0.712594 0.713755 0.752576 0.642003 0.790414 0.735292 0.808806 0.602844 0.709329 0.652076 0.735857 0.603599 0.669202 0.750812 0.696116 0.773266 0.813931 0.709313 0.660481 0.724542 0.713839 0.74242 0.685994 0.738644 0.692141 0.729159 0.776454 0.731357 0.660739 0.698977 0.772208 0.748759 0.7158 0.700939 0.677367 0.75076 0.655102 0.742709 0.833749 0.772105 0.750101 0.746557 0.77905 0.754295 0.742369 0.778359 0.734819 0.771048 0.702879 0.825776 0.712084 0.708696 0.744402 0.72919 0.702899 0.670715 0.726641 0.462963 0.549347
0.79886 0.598793 0.721855 0.677753 0.723303 0.739058 0.683657 0.70701 0.73505 0.775471 0.628228 0.729228 0.677039 0.624171 0.666362 0.650033 0.717427 0.750344 0.768994 0.72892 0.715135 0.661509 0.665864 0.708851 0.730781 0.729324 0.811592 0.72473 0.66682 0.713651 0.644665 0.731706 0.643389 0.699888 0.77568 0.733632 0.736936 0.73242 0.767239 0.745586 0.781189 0.659327 0.699016 0.75322 0.703576 0.789468 0.735633 0.676359 0.749824 0.834477 0.753265 0.769552 0.800877 0.71242 0.763201 0.824545 0.796417 0.684815 0.789332 0.75769 0.71831 0.429191 0.416899
0.681393 0.703926 0.674611 0.774883 0.75536 0.675287 0.728289 0.725116 0.688744 0.611298 0.720697 0.694716 0.693957 0.706918 0.60063 0.768247 0.650797 0.768417 0.700341 0.689129 0.750316 0.80442 0.681664 0.703738 0.704077 0.745963 0.727364 0.77075 0.759617 0.740282 0.710062 0.747949 0.721085 0.786801 0.675904 0.704686 0.779317 0.81092 0.744475 0.693507 0.762286 0.742283 0.690798 0.725857 0.766443 0.76178 0.757695 0.702468 0.684861 0.803332 0.678074 0.75781 0.713325 0.708582 0.724693 0.63652 0.768238 0.773011 0.657635 0.77956 0.698412 0.745977 0.441038
0.721587 0.56285 0.776189 0.66408 0.633523 0.719853 0.686528 0.70048 0.709522 0.789653 0.708874 0.75122 0.783446 0.681766 0.649373 0.746687 0.643142 0.803377 0.769646 0.704678 0.766748 0.590495 0.602615 0.715237 0.657033 0.670841 0.718441 0.627821 0.749519 0.707158 0.708014 0.773759 0.688076 0.693939 0.791207 0.807141 0.710732 0.685575 0.773004 0.807473 0.764666 0.837136 0.734116 0.747215 0.630376 0.780372 0.772498 0.735595 0.620775 0.718215 0.749676 0.7793 0.737951 0.734669 0.724225 0.761662 0.670926 0.800389 0.816589 0.659427 0.738777 0.717412 0.770305
0.683478 0.708771 0.666638 0.730809 0.663492 0.705719 0.712619 0.714758 0.752762 0.594914 0.772563 0.73757 0.763227 0.714678 0.710994 0.695617 0.767714 0.627331 0.751918 0.841552 0.771228 0.660396 0.673258 0.723785 0.690021 0.69288 0.672714 0.694471 0.697486 0.638046 0.719222 0.791438 0.737101 0.775836 0.748877 0.633586 0.780901 0.740135 0.682384 0.758069 0.713416 0.739894 0.79396 0.746035 0.739866 0.759212 0.742835 0.741369 0.758202 0.686205 0.759182 0.690761 0.726009 0.76594 0.70272 0.761607 0.675775 0.649496 0.741855 0.774486 0.741477 0.736938 0.771761
0.765801 0.670272 0.606593 0.678 0.661083 0.697762 0.760054 0.687873 0.795732 0.685996 0.816587 0.737921 0.656142 0.694966 0.744536 0.672343 0.646603 0.77774 0.704168 0.598079 0.678718 0.647565 0.650455 0.742015 0.77291 0.731566 0.751349 0.713447 0.703652 0.798766 0.800739 0.780551 0.672037 0.687029 0.672337 0.813596 0.713625 0.668185 0.770474 0.840669 0.740123 0.712568 0.730029 0.652569 0.756251 0.719581 0.706435 0.684661 0.676953 0.670339 0.800234 0.749437 0.759596 0.749561 0.787291 0.764219 0.815236 0.716243 0.810559 0.714814 0.777407 0.802968 0.676942
0.78089 0.673936 0.679107 0.705414 0.672946 0.745035 0.725094 0.643561 0.605091 0.73273 0.728421 0.679178 0.694067 0.785126 0.698397 0.765231 0.770584 0.657148 0.759303 0.717104 0.682522 0.689841 0.642342 0.665789 0.689625 0.768375 0.800737 0.682667 0.709475 0.706459 0.754587 0.71366 0.734319 0.624982 0.684709 0.747092 0.703072 0.70782 0.691453 0.704692 0.749742 0.762527 0.738131 0.729996 0.774968 0.710529 0.721603 0.782259 0.746971 0.68185 0.637162 0.714604 0.744876 0.718043 0.667392 0.811192 0.747877 0.74753 0.768041 0.759909 0.681853 0.761447 0.719075
