Proyectos/DeforestationModel/output/banda_red_2015.asc
ncols         300
nrows         300
xllcorner     273000
yllcorner     9.548e+06
cellsize      30
NODATA_value  -9999
[rows 112 to 139 of 300, columns 0 to 61 of 300]
0.103698 0.0943495 0.0377647 0.0300906 0.0520902 0.0206489 0.0425775 0.044381 0.000478483 0.0240032 0.0423935 0.0611466 0.0308775 0.0820148 0.0378921 0.0518474 0.0524776 0.012528 0.0429029 0.0320146 0.0348518 0.0452142 0 0.0129905 0.0519044 0.0625277 0.0399262 0.0348962 0 0.0482395 0.00484501 0.0370274 0.0406087 0.0639977 0.0785177 0.0699758 0.0329884 0.0222527 0.0347495 0.0256859 0.104289 0.145636 0.139047 0.140128 0.164463 0.0364533 0.0852016 0.0648038 0.061582 0.0657516 0.0117985 0.0131564 0.0687879 0.0409644 0.0369316 0.0162791 0.0758487 0.0459071 0 0.0635584 0.0398722 0.0595371
0.049133 0.0311834 0.0527468 0 0.0946191 0.0478079 0.0385818 0.0147189 0 0.0887502 0.0443932 0.0746455 0.012142 0.0765884 0.00424336 0.0252764 0.00943895 0.0469446 0.0595489 0.0471358 0.0386364 0 0.02832 0.0275551 0.0264432 0.0218129 0.0373328 0.0567708 0.063986 0.103001 0.0253693 0.0359596 0.0421432 0.0703575 0.0237122 0.0426425 0.022299 0.0291607 0.0350817 0.0107394 0 0.103431 0.130758 0.128339 0.0756434 0.113351 0.115399 0.0693392 0 0.0685369 0.0286251 0.0229958 0.063042 0.0715203 0.0434949 0.0573755 0.0401276 0.0465888 0.0382135 0 0.0361632 0.0572521
0.100242 0.0166811 0.0612799 0.0524588 0.0553803 0.0725268 0 0.0357048 0.0739802 0.00878993 0.0835169 0.0210249 0.0721035 0.00729898 0.0719676 0.0450462 0.0676254 0.0329692 0.0165907 0.0779588 0.0469278 0 0.0198435 0.0693065 0.0443957 0.076347 0.0768538 0.0326773 0.0554868 0.0565546 0.0706634 0.0542687 0.0706497 0.0827308 0.0448034 0.0491586 0.0775436 0.046805 0 0.0377227 0.104382 0.0796589 0.098701 0.164924 0.113266 0.13379 0.130748 0.0819975 0.0297116 0.0549372 0.0242572 0.0284943 0.0535873 0.0184955 0.0493737 0.01828 0.0108596 0.0625037 0.0206122 0.0236996 0 0
0.0226393 0.0433487 0.0109203 0.0722682 0.069518 0.0281227 0.0485272 0.0343263 0.0686155 0.0610038 0 0.0793368 0.0667222 0.0471977 0.037682 0.0489768 0.0421036 0.0566623 0.0215096 0.0596844 0.0457181 0.0443406 0.0104209 0.0853506 0.0676467 0.0230897 0.0423236 0.0395531 0.0455034 0.0627323 0.0258767 0.00781434 0.046818 0.0810889 0.0180799 0.0411591 0.0346562 0.0455349 0 0.0641107 0 0 0.0388806 0.168933 0.156795 0.132173 0.12464 0.160257 0.00279396 0.076302 0.0634416 0.0337989 0 0.0375616 0 0.0155865 0.0963707 0.0651974 0 0.0405544 0.0756866 0.0503402
0.0716599 0.026857 0.0578671 0.0243976 0.0268621 0 0.00427338 0.0199564 0.0765317 0.0342929 0.0474024 0.0812684 0.0475654 0.0335123 0.0560393 0.0239962 0.035962 0.0879657 0.03127 0.088393 0.0527814 0.112921 0.0244837 0.0314331 0 0.0352737 0.0794807 0.0486343 0.0606586 0.0421726 0.06817 0.0547145 0.0127558 0.0290488 0.0623264 0.0880603 0.0425637 0.00847373 0 0.0267994 0.0251532 0.0454103 0 0.0903083 0.143755 0.124286 0.136982 0.195807 0.145436 0.00700468 0.0247545 0.0404956 0.0328492 0.0190502 0 0.0160553 0.0399468 0 0 0.0443033 0.0719859 0.0320346
0.0195926 0.035255 0.00652508 0.00361814 0.0708531 0.0644357 0.0599844 0.0211647 0.0575563 0.0578546 0.0904839 0.0392181 0.0222395 0.0369835 0.0912323 0.0206301 0.0416869 0.0273505 0.0639852 0.0830781 0.0175822 0.0612804 0.0307442 0.0307556 0.060962 0.0408292 0.0746827 0.0429761 0.0559573 0.0385564 0.0792108 0.0490956 0.0179078 0.0789609 0.0586614 0.0523654 0.0522094 0 0.0501989 0.0382632 0.0551681 0.0940318 0.0132003 0.0679167 0.166225 0.0831337 0.118553 0.135634 0.11125 0.0778772 0.0554499 0.0449112 0.0535514 0.0035599 0.0404338 0.0273677 0.0277971 0.0347035 0.0552943 0 0 0.0278821
0.066032 0.0489808 0.0326939 0.0685384 0.0123628 0.0593877 0.0351139 0.039023 0 0.0407594 0.0178259 0.0542108 0.0576923 0.0246306 0.0551768 0.0554049 0.034667 0.0920725 0.0255495 0.0373053 0.069709 0.0146788 0.0467375 0.0635163 0.0572428 0.0408156 0.0829354 0.0097091 0 0.0734726 0.0900786 0.0664348 0.0535708 0.0665486 0.0240283 0.0323934 0.0639411 0.108624 0.0602396 0.0202087 0.0481645 0.0126035 0.0570545 0 0.0778402 0.102381 0.0888465 0.162256 0.165089 0.0602276 0.0142091 0.0226373 0.0214062 0.0310316 0.0506319 0.052009 0 0.0410646 0.00779263 0 0.0152974 0.0411073
0.0580246 0.0298585 0.107108 0.027873 0.0194198 0.0619895 0.0506035 0.0639537 0.0123155 0.056252 0.0580168 0.0348082 0 0.0629995 0.0236637 0.0627214 0 0.0262278 0.0103483 0.0173514 0.035424 0.00905524 0.0378323 0.0394174 0.0355721 0 0.0502847 0.0274064 0.0873352 0.0642732 0.013106 0.053328 0.0412618 0.0119575 0.0330282 0.0444318 0.0353102 0.0310122 0 0.0163697 0.052581 0.0616715 0.0495756 0.0040685 0.0840045 0.0771089 0.101331 0.110259 0.101275 0.163223 0.105626 0.0040753 0.025313 0.0338819 0.0139224 0.0476973 0.0983085 0.0527993 0.088748 0.013889 0.0103194 0
0.00888482 0 0.0678417 0.010239 0.0268164 0.04282 0.0361243 0 0.0111729 0.0594727 0.0728325 0.0724677 0.0275723 0.0225181 0.0805128 0.000618566 0.0554727 0.10106 0.0122349 0.0617522 0.0395129 0.0709245 0.0580486 0.0625094 0.095564 0.0738618 0.0262062 0 0.0665088 0.0566654 0.0789286 0 0.0352451 0 0.00740914 0.0192623 0.0231099 0.0351559 0.0993545 0.077917 0.0355714 0.0618385 0.0457272 0.0260498 0.00560773 0.107557 0.104522 0.106538 0.166131 0.150075 0.111927 0.025542 0.01215 0 0.00234746 0.0112756 0 0.00734775 0.0251405 0.0415436 0.0669379 0.0115732
0.00727981 0.0269326 0.0523557 0.00586391 0.0533081 0.0808617 0.0759296 0.0215682 0.0350119 0.0330048 0.0636053 0.022807 0.0478876 0.0194241 0.0468503 0.0619027 0.00691633 0.0236411 0.069305 0.0149301 0.0222328 0.0300034 0.0442756 0.0900982 0.0233886 0.0554438 0.00771944 0 0.0746454 0.0339696 0.0625442 0.0504054 0.0597949 0 0.0200183 0.0375288 0.010402 0.000147945 0.0291763 0.0347026 0.066326 0.0780397 0 0.021741 0.0537363 0.0311653 0.099395 0.0752679 0.150267 0.148485 0.148628 0.132415 0.0409965 0.0499476 0.0271183 0.018812 0.0149785 0.0402573 0.0236386 0.0201907 0.0415383 0.00655027
0 0.047206 0.0192857 0.0511095 0.0371355 0.0562381 0.0348849 0.0441966 0.0534032 0.0650788 0.0591714 0.0137758 0.0167527 0.0622593 0.0578625 0.00336409 0.0772691 0.0458452 0.0433213 0.094824 0.041085 0.0757837 0.0444606 0.0236076 0.00534311 0.0234385 0.0505971 0.0467633 0.0374335 0.0830725 0.0400634 0.0510148 0.0806377 0.0837304 0.0372757 0.0705295 0.0413285 0.0339673 0 0.0189687 0.00292298 0.0116775 0.0348591 0.0757013 0.0514694 0.0562837 0.111829 0.166734 0.173516 0.154983 0.163459 0.126428 0.0601883 0.0529222 0 0.0468713 0.0111283 0.00955175 0 0.0543723 0.0504758 0
0.0548918 0.0077252 0.0396845 0.00329996 0 0.0104112 0.0348182 0.035971 0.0362988 0.0878196 0.0827592 0.0376707 0.0241269 0.0412232 0.0290104 0.0613609 0.0249072 0.0559043 0.0229746 0.0269813 0.0866472 0.0121254 0.0707417 0.0296783 0.0419768 0.0342985 0.0484992 0.0486028 0.065588 0.0399711 0.0501082 0.0148526 0.0187481 0.00767117 0.0416426 0.0781961 0.0152538 0.0941087 0.065786 0 0.0248809 0.0654631 0.0371598 0.0472975 0 0.0341319 0.000888317 0.0709883 0.142495 0.104009 0.170914 0.138137 0.100056 0.0640056 0.00148756 0.0113114 0.0730192 0.0263034 0.0303425 0.0187263 0.00326485 0.0108014
0.03152 0.0295917 0.0197833 0.037298 0.0665251 0.0993532 0.0328112 0.0640547 0.0760232 0.0936091 0.0602868 0.0500163 0.0625819 0.0268619 0.0625385 0.0703955 0.103606 0.0560088 0 0.0355388 0.0640139 0.0314871 0.0171242 0.0455268 0.0129853 0.0545011 0.0401917 0.0710429 0.0619465 0.035828 0.0512397 0.0576104 0.0615701 0.032766 0.0296941 0.0320528 0.0173418 0.0228656 0.0658829 0.000646016 0.00398623 0.0801845 0.0149898 0.019501 0.0780576 0.0401067 0.00868853 0.0827552 0.0677689 0.125954 0.125014 0.124887 0.119246 0.0990651 0.0531305 0.0403614 0.0447343 0 0.0637904 0.0547148 0.038679 0.0127469
0.0550105 0.0469787 0.0621675 0.0512109 0.0389837 0.0447097 0.0588132 0.0264328 0.0478521 0.024529 0.108144 0.0340109 0.0524521 0.06356 0.0377535 0.034515 0.0541339 0.0404295 0.0440237 0.0441382 0.0759159 0.0535536 0.0722756 0.0707464 0.0375732 0.0727714 0.0415698 0.00438386 0.0353766 0.0660586 0.0466816 0.00321578 0.0351727 0.0568223 0.0138121 0.0206382 0.0508049 0.0126845 0.00344958 0.0611369 0 0.0125414 0.0614313 0.0646838 0.0701419 0.0670597 0.0525519 0.0469107 0.109818 0.107362 0.154506 0.0913664 0.127728 0.10427 0.0591328 0.0678582 0.0122963 0.00841146 0.047605 0.0433963 0.0305383 0.0294172
0.0662256 0.0661608 0.0599657 0.0362582 0.0116827 0.0482088 0.0617361 0 0.0610893 0.0531471 0.0550606 0.0468389 0.0264465 0.0456129 0.0719085 0.061489 0.0790354 0.0223008 0.080232 0.0642564 0.00584116 0.0624054 0.0297715 0.0667813 0.0447476 0.0510638 0.0367306 0.0303394 0.0887932 0.0940021 0.0311462 0.0245818 0.0638801 0.0504678 0.059298 0.00774027 0.0618729 0.0208738 0.0541632 0 0.00528088 0.0203392 0.0146321 0 0.0388141 0.02574 0 0.10841 0.118071 0.111389 0.153947 0.086855 0.155819 0.061492 0.0708192 0.0342218 0.0124223 0.0535208 0.02199 0.0159747 0 0.0344313
0.132557 0.0303652 0.0382138 0.0486397 0 0.0458649 0.0334144 0.0492334 0.00491237 0.0314045 0.0123798 0.0958857 0.0263145 0.0875894 0.0268166 0.05457 0.0789155 0.0728157 0.0397004 0 0.0377451 0.0807919 0.0652674 0 0.040051 0.040889 0.0424623 0.0215259 0 0.0622611 0.0646087 0.0700627 0.006774 0.0918794 0.0489142 0 0.0449576 0 0.0738428 0.00593281 0.0567659 0.0415517 0.0498898 0.0583062 0.0222533 0.0187294 0.0949611 0.0410241 0.000398626 0.146732 0.101244 0.144504 0.101468 0.123368 0.123567 0.0089456 0.0106744 0.0307633 0.052866 0.0118917 0 0.0490079
0.033385 0 0.0619877 0.0775804 0.0430327 0.0415696 0.0175029 0.0616788 0.0173502 0.0207011 0.0666682 0.0165081 0.0468656 0.0446169 0.0248345 0.0576401 0.00970845 0.0905283 0.0769305 0.00379557 0.039496 0.0458924 0.0521074 0.0235418 0.00470547 0 0.109715 0.00163949 0.071944 0.0409508 0.0544113 0.0684757 0.0166656 0.0300092 0.0177101 0.0364476 0.0104466 0.0492144 0.0157708 0.076803 0.00447291 0.00740006 0.0434578 0.0332829 0 0.0352484 0.00588011 0.0509709 0.0354941 0.0917407 0.101441 0.174729 0.115076 0.138603 0.0922045 0.116205 0.0542376 0.040706 0.00874898 0 0.0646829 0.0727949
0.0503561 0.0354614 0.0440989 0.0335699 0.0253138 0.0333477 0.0395791 0.0324368 0.0793126 0.0329913 0.0593353 0.0200248 0.11938 0.0399289 0.0322978 0.0644125 0.0264664 0.0641304 0.0301596 0.0252554 0.0395745 0.00266966 0.0510838 0.027969 0.0372985 0.0379164 0.0673871 0.0500565 0.0257973 0.0611106 0.0382467 0.0877359 0.0382348 0.0100771 0.0567642 0.0300766 0.0495392 0.00343726 0 0.0520333 0.0696353 0.0581098 0.0597763 0.00414063 0.0312205 0.0291539 0.0115324 0.0831497 0.0140242 0 0.091226 0.103641 0.132559 0.116143 0.117281 0.0447887 0.0189476 0.0190012 0.0287251 0.0446715 0.0149548 0.0476518
0.0589724 0.0121796 0.0477758 0.0601413 0.0448291 0.0158557 0.0538965 0.0552476 0.0384585 0.0553103 0.0205195 0.0151914 0.0206808 0.0506396 0.0964623 0.0393562 0.0824377 0.0552193 0.0582182 0.036727 0.037094 0.0338274 0.0368978 0.0552927 0.0572764 0 0.0222051 0.0542436 0.0423105 0.00768885 0 0.0592447 0.0131875 0.0644977 0.0368935 0.0687893 0.0412568 0 0.017412 0 0.0068659 0.066737 0 0.0628505 0.0495625 0.0212794 0.0304759 0.0463652 0.0323529 0.0414108 0.119934 0.099351 0.10562 0.121903 0.159672 0.0945435 0.112336 0.0528147 0.00951971 0.0440874 0.00818219 0.0304217
0.0393611 0 0.111713 0.078622 0.0953363 0.0524281 0.0230997 0.0479965 0.0377984 0.0558443 0.0952081 0.02718 0.00531692 0.0403436 0.0473609 0.0484007 0.00683198 0.0198502 0.0528305 0 0.0101865 0.0489587 0.0203261 0.0402989 0.0369564 0.0411881 0.052307 0.0590423 0.0838999 0.0286537 0.0448813 0.063754 0.0861436 0.0287894 0.11676 0.0309978 0 0.0189351 0.0170683 0.00762627 0.0359123 0.0383756 0.0691766 0.0109671 0.0556722 0.0111353 0.0280154 0.033803 0.0268482 0 0.056369 0.148661 0.163208 0.112699 0.167264 0.158402 0.0580955 0.0188425 0 0 0.0222392 0.0761652
0.0215029 0.0424386 0.0526421 0.0239363 0.0346065 0.047896 0.0778687 0.0064771 0.0401454 0.0404055 0.0608523 0.0513116 0.107788 0.068971 0.0660753 0.0669253 0.0597467 0.0390747 0.0153752 0.0415096 0 0.0222808 0.0629644 0 0.0323324 0.0333115 0.0578499 0.0740231 0.0210097 0.0146607 0.103484 0.0214893 0.0330676 0.0316382 0.0526324 0 0.0394512 0.0535512 0 0.0773564 0.0205771 0.0527007 0.00702848 0.0188039 0.0663808 0.0513984 0.0349039 0.0741362 0.00547946 0.030952 8.43945e-05 0.12083 0.162368 0.0483273 0.159123 0.090847 0.121558 0.0949598 0 0.0328647 0.0219735 0.00311954
0.0164783 0.00678515 0.0852298 0.019954 0 0.0561422 0.0340605 0.0400717 0.0770951 0.0308678 0.0479869 0.0394332 0 0.0211413 0.0385495 0.0486571 0 0.0523648 0.0183534 0.0524778 0.0677885 0.0397997 0.0413886 0.0290802 0.0302762 0.00527574 0 0.040224 0.0195694 0.0211431 0 0.0334831 0.0305005 0.0193588 0.0390382 0 0.0468512 0.0481675 0.0613671 0.0324144 0.0146148 0.0179197 0.0252902 0.0121583 0.0814481 0.0294952 0.0281784 0.0186681 0.0411545 0.0709213 0.0139272 0.122558 0.0860586 0.108864 0.0966479 0.150594 0.119524 0.0783626 0.00655166 0 0.00373025 0.0557643
0.0377937 0.044704 0.0532513 0 0.00982693 0.0785813 0.0564562 0.0211971 0.025624 0 0.0591731 0.0770875 0.0328335 0.075793 0.0838956 0.0404547 0.029216 0.0146496 0.0454166 0.0487821 0.0304322 0.0127373 0.0461963 0.104391 0.0376527 0.0463476 0.0115053 0.0410361 0.0488543 0.0582116 0.058783 0.00495132 0.0260321 0.01337 0.0739458 0.0526646 0.021437 0 0.00465256 0 0.0352134 0.0242075 0.0140185 0.0505012 0.0771767 0.0210321 0.0667238 0 0.0589641 0.0594625 0.0229337 0.0033219 0.0551696 0.111784 0.123154 0.133175 0.137551 0.114471 0.121945 0.0599326 0.0700444 0.0207239
0.0354999 0.0114739 0.0802064 0.0333284 0.0176556 0.00151733 0.054374 0.085008 0.042583 0.0478619 0.0439464 0.0297417 0.0466189 0.0680387 0.115763 0.0758852 0.0640771 0.0735243 0.0203922 0.0420371 0.0329181 0.021634 0.0347248 0.0254304 0.0459049 0.0674014 0.0112128 0.0518764 0.0123556 0.0303004 0.0224495 0.0234568 0.021624 0.0441905 0.0107788 0.0353182 0.000538879 0.0119898 0.0274555 0.0551358 0.105412 0.0463405 0 0.0579517 0.0469773 0 0.00651685 0.0294572 0.0543424 0.0539163 0.043031 0.0763641 0.0686335 0.0994799 0.130306 0.142139 0.177452 0.0788998 0.0873155 0.0690113 0.0416793 0.0245158
0.0240217 0.0596684 0.0338664 0.0259969 0.0419856 0.0419865 0.0302246 0.0280262 0.062348 0.0362227 0.087548 0.0723457 0.0608149 0.0798997 0.0203566 0.0390233 0.0739611 0.0659065 0.0308126 0.066966 0.0976788 0.0537053 0.0253824 0.0807226 0.0357537 0.0565934 0.0384678 0.0585324 0.0147572 0.0460241 0.0449142 0.0448444 0.062682 0.0139789 0.0138477 0.0108594 0.0288549 0.130051 0.00975438 0.00200146 0 0.0397795 0.051201 0.061251 0.038633 0.0152881 0.0249085 0.0244087 0.0345414 0.0498473 0 0 0.0664656 0.0978453 0.11438 0.171454 0.118519 0.142659 0.0840116 0.0496653 0.0396569 0.0449375
0.0243346 0.0706201 0 0.00769556 0.0576297 0.0578458 0.0590194 0.0544311 0.0318434 0.0791374 0.0585187 0.0512387 0.0488553 0.0378998 0.0623254 0.0602077 0.0290866 0.042233 0.0541052 0.0747476 0.0240304 0.0569049 0.0361441 0.0191105 0.02241 0.0247395 0 0 0.0371664 0.0268724 0.0376263 0.0261276 0.036003 0.0232671 0.019577 0.00151255 0.0111703 0.0121522 0.0510199 0.0481534 0.0115888 0.0516392 0.00873415 0.0662043 0 0.0433381 0.0590073 0.0287862 0.0260078 0.0646567 0 0.0603909 0 0.0422587 0.141284 0.169137 0.115928 0.142418 0.141667 0.0646697 0.0132977 0.0397057
0.0976608 0.0373421 0.0911551 0.0592913 0.0590733 0.0132996 0.0404645 0.0265284 0.0601673 0.0125163 0.0515043 0.026807 0.0886871 0.033888 0.0596067 0.0606195 0.00547147 0.00666508 0.0045297 0.0534968 0.0480503 0.0602117 0.0182376 0.0526433 0.077316 0.01983 0.0166615 0.00738658 0.0642286 0.0200803 0.0380135 0.0198651 0.0768997 0.0424101 0.0387659 0.0262237 0.0484322 0.0286308 0.0380502 0.0350382 0.0484646 0.034424 0.0157569 0.0104201 0.0437292 0.0410546 0.0602442 0.0294053 0.0197813 0.0174743 0 0.0418669 0.0218804 0.0718075 0.124268 0.143356 0.162467 0.163344 0.127636 0.105829 0.0297417 0.0241619
0.0670764 0.0461233 0.0563801 0.0411234 0.023566 0.101507 0.0792164 0.0294248 0.0436946 0.0739095 0.0712613 0 0.0488044 0.0348979 0.0280561 0.0333159 0.0261241 0.0146178 0.0474453 0.0781767 0.0455489 0.0421748 0.0424194 0.00659734 0.0539242 0.0499991 0.024374 0.0211026 0 0.0997701 0.0120233 0.037007 0 0.0534973 0.0123868 0 0.0131649 0 0.0704141 0 0.0571285 0.0574302 0.0568429 0.0183788 0.0112998 0.00491656 0.036646 0.02777 0.0167115 0.0136583 0.0283503 0.0286434 0.0271133 0.0620747 0.100892 0.100712 0.101863 0.155911 0.127218 0.0757735 0.0283562 0.0349587
