Proyectos/DeforestationModel/output/delta_ndvi.asc
ncols         300
nrows         300
xllcorner     273000
yllcorner     9.548e+06
cellsize      30
NODATA_value  -9999
[rows 189 to 215 of 300, columns 236 to 294 of 300]
-0.0343075 0.11935 -0.0701363 -0.0508969 0.0782505 0.116006 0.108601 -0.121516 0.0866082 0.0462119 0.00827341 0.0701333 -0.0549617 -0.0486085 0.0707312 0.0636571 -0.0367997 0.046244 -0.127357 0.0126687 0.0837804 -0.144388 0.0700333 0.0806115 0.0104387 0.100759 0.0336783 -0.0178247 -0.0195799 0.0750815 0.0682959 -0.058222 0.0151575 0.0712523 -0.297057 0.0610732 0.0278962 -0.0303633 0.0412128 0.0301679 -0.0116736 -0.0256434 -0.0665066 0.0438371 -0.0208291 -0.104004 0.146403 -0.0626265 0.103599 0.0412555 -0.0100692 0.124518 0.0363956 0.0402346 -0.0898866 -0.0713138 0.0233682 -0.0126149 -0.0402336
0.148803 -0.157935 -0.179477 -0.0787503 0.0768938 0.0360128 0.207373 0.0960673 -0.0351856 0.104344 0.00643879 -0.0189453 0.0599379 -0.0318146 -0.0672847 0.247986 0.0501707 0.157769 -0.0193774 -0.000762068 -0.104955 0.097633 0.0506946 -0.192995 -0.0802773 0.168899 -0.132572 -0.0225948 -0.0837767 0 0.0477245 0.102294 0.120356 -0.00455693 -0.0226558 0.0931393 0.0143223 -0.106458 -0.090841 -0.148036 0 -0.0284032 0.0929254 0.0787744 0.0998713 -0.107077 0.0420787 -0.0110815 -0.0367292 0.0822315 -0.0189555 0.121594 -0.0561874 -0.192637 -0.0449315 0.0306742 -0.0953618 0.186161 0.179438
0.00918836 -0.0783418 0.104814 -0.141537 0.00968157 0.133285 0.038557 -0.128524 -0.0369402 -0.101949 0.165908 -0.0215185 -0.0944332 0.0485283 0.11287 -0.0282716 -0.0047481 -0.16715 -0.13393 -0.0616935 -0.0317816 0.164811 -0.00456241 -0.00637014 0.0610423 0 -0.0883119 0 -0.163097 0.0935557 0.0515442 -0.16461 0.164568 0.0739894 -0.0861041 0.0137605 -0.0913113 -0.00609818 0.0339475 0.0940487 0.130409 0.202121 -0.0746859 -0.103475 0.00534012 0.0293473 -0.131078 -0.0612848 -0.0275107 0.0133914 -0.0145233 0.0131967 0.0817992 -0.0111569 -0.0481738 -0.281848 -0.0230558 0.116485 -0.1678
-0.00396765 0.0273986 -0.0649657 0.0755025 -0.188291 -0.209558 0.00453608 0.142774 0.186802 -0.0893587 -0.00939075 -0.103479 0.0128338 0.0631672 -0.058625 0.0616864 -0.0287295 -0.0427997 0.0835097 -0.0204636 -0.0345795 0.206823 0 -0.0380744 -0.0967079 0 -0.208507 -0.1724 0.00367141 0.0187745 -0.0203323 0.0189709 0.0440339 0.0934618 -0.13457 -0.0621238 -0.067007 0.191535 0.190605 -0.129662 -0.0780814 0.0393525 -0.0639442 -0.0746247 -0.0761372 0.0446835 0.0623305 -0.0191513 -0.0616665 0.0177553 -0.1545 -0.0880867 0.0591923 -0.171578 -0.0981386 -0.102346 -0.141284 -0.344261 -0.0823482
-0.0935442 0.0805509 0.02835 -0.0215194 0.268449 -0.0299428 -0.027145 -0.0314818 0.0515568 -0.00208397 0.0919319 -0.0729532 -0.168585 -0.0990578 0.107558 0.00111087 0.0967955 0.139607 -0.0159182 0.0665804 0.120509 0.0147406 -0.0666863 0.00223484 0.0723521 0.173253 -0.186706 0.00928401 0.0228349 0.0270823 -0.0109456 0.0422187 0.182479 0.0728042 -0.0827695 0.0663224 0.0796139 -0.0422586 -0.0513587 -0.0507713 -0.188416 0.233067 0.0694259 -0.0126854 0.0726332 0.0669927 0.0491209 -0.105293 0.0429059 0.0531175 0.107821 -0.0365257 0.164013 0.0347918 -0.177418 -0.122341 -0.0908964 0.0548175 0.0255287
-0.0570917 0.0253191 -0.0253064 0.064848 0.0669147 0.102594 -0.0419186 -0.0423059 0.0907946 0.0770107 -0.0505004 -0.0267923 0.0529089 -0.202395 0.07694 0.00848879 -0.093846 0.00998224 -0.00505429 0 0.0347277 -0.149521 0.131687 -0.13119 -0.00152204 0.0178137 0.034433 -0.0839224 0.0655965 -0.10202 -0.00321169 -0.0389948 -0.159667 0.121857 -0.13967 0.0805782 -0.0129917 -0.132264 -0.161576 -0.0752539 0.266208 0.281222 -0.0295225 0.0393451 -0.0164562 -0.122919 0.298203 -0.138696 0.0252362 0.0845736 0.0750496 0.103416 0.053176 -0.0478464 0.110364 0.00442788 0.0644448 -0.128058 -0.0228185
0.038608 -0.110956 -0.0978571 0.158583 0.0259796 -0.0322458 0.013725 -0.118694 0.0393381 -0.143174 0.144567 -0.0762805 -0.0377685 0.0498255 0.138039 -0.0136793 0.0139904 -0.095334 0.0275391 0.128305 0.0555509 -0.0722915 -0.121619 0.100518 0.0319717 -0.103189 0.138321 0.135363 0.0410731 -0.0660293 -0.106477 0.0182602 0.114036 0.30738 -0.063499 -0.142316 0.0951778 -0.152422 -0.00940337 -0.181044 0.0535954 0.128684 -0.0914076 -0.117885 0.127431 -0.0643891 -0.117711 -0.0927836 0.110254 0.0221407 0.144104 0.0452859 -0.0443221 -0.0315353 -0.365872 -0.0560767 -0.078117 -0.0893901 0.258982
0.0379478 -0.138186 -0.157755 0.0412105 0.147066 -0.0450677 -0.08178 0.0660264 0.104088 -0.0149193 0.178721 -0.0159449 0.10042 0.0437232 0.0961393 0.00472602 -0.00158101 -0.118473 -0.00482161 -0.161847 0.0201926 -0.0928079 -0.000987298 -0.0342018 0.0352958 -0.0322189 -0.323718 0.0940806 -0.14975 0.0447664 0.126998 -0.0504418 -0.297425 -0.164977 -0.033307 -0.113942 0.227201 0.0464456 0.00140952 -0.0462447 0.0487761 -0.139004 0.198361 -0.0290595 0.0110854 0.0182873 -0.122924 -0.0593473 0.0515922 0.0420051 -0.0276147 0.0736525 -0.145471 0.152565 -0.104754 0.101863 -0.038155 0.154133 0.0806203
0.0323149 0.0512166 -0.0424394 0.0182557 0.00974817 -0.0415852 0.143107 0.221499 -0.0705265 -0.158208 -0.0349995 0.0584944 -0.231549 0.00581006 -0.0477599 0 0.0299787 0.0237073 -0.145198 -0.00543819 0.103486 0.124304 0.0434386 -0.0495556 -0.0958588 0.149685 -0.0373301 -0.0285695 -0.190832 -0.0238473 -0.173085 0.0410045 0.142841 0.0145359 -0.0782214 -0.0277944 -0.109866 -0.0818215 -0.0143868 -0.0603031 0.0249507 0.0744902 -0.0756024 -0.150552 -0.127789 0.0331544 -0.0921383 -0.0933557 0.0505124 -0.134678 0.123083 -0.0285209 0.0915927 -0.154134 -0.1556 0.0427192 0.0471271 -0.0743954 0.0354578
-0.0107515 0.106812 -0.195369 -0.113891 0.111966 0.0596072 -0.0259805 -0.0280008 -0.0250573 0.25 0.107464 -0.0443213 -0.0776897 -0.0658571 -0.0426515 0.1063 0.101852 -0.0150904 -0.056821 0.0337895 0.0181108 0.183069 -0.0258663 0.0275192 -0.0198881 0.120937 0.143572 -0.0290023 -0.116476 -0.0190223 -0.254674 0.0531323 0.0225037 0.158122 0.0380261 -0.04605 -0.0678657 0.0267442 -0.15671 -0.342144 0.264381 0.178369 0.208781 -0.0914713 -0.0225236 0.129889 -0.300311 0.0933078 -0.0300831 0.042563 0.0640104 -0.0320774 -0.00874028 0.0803713 0.104623 -0.175295 -0.0676249 -0.0938025 0.0277097
0.0533771 -0.0353128 0.0929271 -0.0709679 -0.0376882 0.0826455 0.0407334 -0.00410006 -0.194849 0.111187 0.0977702 -0.0485486 -0.00468741 0.0423665 0.0618052 -0.163728 0.00376971 0.0895486 0.166845 0.0515752 0.158356 0.131807 -0.042286 0.023634 0.185033 0.162101 0.0014156 -0.0754916 -0.15177 -0.240934 -0.00259257 -0.0841458 0.143234 0.00589965 0.151678 0.158383 -0.133345 0.158194 0.180219 0.216268 -0.1418 -0.116479 -0.0029761 0.107839 -0.111294 -0.0376477 -0.00780825 0.0478054 -0.148657 -0.0634827 0.0348473 0.122738 0.0406338 -0.0620994 0.0151755 0.0283428 0.162822 0.213682 -0.0664291
0.0963939 -0.0301138 -0.000240545 -0.0157724 0.0118105 0.0883097 0.0505215 0.158306 0.273343 -0.110696 -0.18979 0.00773143 0.223365 -0.00795802 -0.134543 0.0721148 0.0331765 -0.0295829 -0.0779078 -0.00211487 -0.0631861 0.123787 0.0618249 0.0670117 -0.0765915 -0.0111172 0.194527 -0.0287996 -0.169334 0.141309 -0.108006 0.0536961 -0.00693614 0.112282 -0.056995 0.045955 0.272888 0.131775 -0.0475413 0.00553545 -0.0528517 -0.191403 -0.260908 -0.00162609 0.0507648 0.0322805 -0.0654568 -0.0579294 0.0414897 0.0814951 -0.0736083 0.127925 0.0104069 0.0450699 0.0402421 -0.0118263 0.119573 -0.00651725 0.0772979
0.0243472 -0.146353 0.115806 -0.0585928 -0.0443662 -0.139097 0.0144876 -0.0972262 0.060696 -0.123951 -0.0640314 -0.00121052 -0.041937 -0.303554 -0.0482357 0.0207941 0.0152304 -0.00258352 -0.0523911 -0.0226017 -0.0721559 -0.0443786 0.0502996 -0.106883 -0.0143687 -0.129822 -0.0600924 0.043255 0.0646728 -0.030013 -0.127236 0.0245723 -0.100253 -0.173894 -0.10063 0.321608 -0.191825 0.0103524 0.0483543 0.0475103 -0.181929 -0.0139222 -0.00355948 -0.236174 -0.094162 0.0485206 -0.0376666 -0.0473102 0.223141 0.0320728 0.0233151 0.0256789 0.108872 0.0555534 0.152735 0.177778 0.0376096 -0.064546 0.0196759
0.0124027 -0.007931 -0.102922 0.206654 0.0378312 -0.103087 0.120955 -0.133056 0.048467 -0.0188775 -0.0218185 0.0140628 -0.148346 -0.093226 -0.110393 0.123747 -0.0368605 0.0716491 -0.0478122 0.0707308 0.0116174 0.0805336 0.0292456 0.0217907 0.142234 0.0410252 -0.191623 -0.0259788 -0.0605646 0.0132419 -0.0344108 0.0975518 0.0496019 -0.177291 0.0967142 0.0638488 0.071559 0.275074 -0.167842 -0.0254291 0.106546 0.000613198 0.0404748 -0.0554386 -0.0303401 -0.175414 0.254265 0.0567352 -0.0413268 -0.139861 -0.130366 0.0736975 -0.134576 -0.122747 0.0935995 0.070863 -0.132901 -0.0807174 0.113354
-0.214079 -0.0925191 -0.0856398 0.11728 -0.0153942 -0.0321438 -0.0154569 -0.127171 0.0164163 0.0525501 0.0829104 0.161243 -0.170991 0.171494 0.119427 0.225941 0.103126 0.00955325 0.0158611 -0.0247854 0.000918396 -0.0212385 -0.135617 -0.00535951 0.110636 0.186271 -0.0780578 -0.0992251 0.0227705 -0.195466 -0.122486 0.110799 -0.179365 0.0525535 -0.0764943 0.0700078 -0.108501 0.0104532 -0.00384516 0.242062 -0.125087 0.0484726 -0.0192796 0.0802063 -0.186346 0.133755 -0.0159849 -0.0518573 0.150503 0.0349306 -0.122291 -0.228212 0.178265 0.194103 -0.139651 0.114437 0.0757339 0.197294 -0.0515391
-0.00978046 0.057863 -0.117275 -0.0708186 0.155485 0.0234107 0.176137 -0.0277841 -0.0250914 0.00431795 -0.0813109 -0.161209 0.0975466 -0.0185164 -0.18779 0.0990126 0.171007 0.0326182 0.0252306 0.18295 0.0703212 0.00956759 -0.108415 0.183332 -0.199137 -0.0634905 0.00762661 0.0491501 -0.167231 0.0828964 0.0492416 0.304173 -0.0814145 -0.115188 0.0175949 0.193958 -0.14879 0.0638486 -0.0499513 0.0251184 -0.0673449 -0.0599886 0.0713138 0.0416979 0.089991 0.0334 0.00689218 0.107853 0.0188819 -0.0678838 -0.12011 -0.193554 0.139316 0.171873 -0.0161177 0.0390397 0.0838418 -0.0178195 0.23324
0.0741201 0.116506 -0.0471165 -0.124809 -0.0895928 -0.120623 -0.0429088 -0.0696965 -0.0654073 0.0593717 -0.158692 -0.168739 0.330139 0.123157 0.138419 -0.111338 -0.136999 0.265337 -0.116724 -0.105766 -0.182807 -0.0627089 -0.0163231 -0.00911983 -0.163922 0.293774 0.0398849 0.0239658 -0.137407 0.0988252 0.102612 -0.0074603 0.168991 0.0269291 0.0471623 0.106534 0.130541 0.0725434 -0.0134545 -0.101039 -0.175593 0.0071442 -0.0229428 0.131788 -0.00470402 -0.233768 0.182065 -0.133513 0.113155 -0.0292069 0.14479 0.0381157 -0.0387047 -0.0109873 0.129053 0.154437 0.0740046 0.0168244 0.00622819
0.114283 0.0234147 0.010949 -0.0127127 0.0787259 0.0109985 -0.106588 0.119024 -0.154001 -0.107651 0.060224 -0.0516796 -0.118759 0.0154097 0.00443177 0.215783 0.239757 0.0793321 0.0603413 -0.172482 -0.134163 0.178398 0.0921495 0.0672602 0.293302 -0.199606 0.130565 0.0486342 -0.126892 0.0209935 -0.0632149 -0.206505 0.0300086 0.0992749 -0.10968 -0.00680168 0.101315 0.0225522 -0.197397 0.209838 0.00153801 0.0413565 -0.0796405 -0.0518455 -0.159965 -0.000707698 0.234653 -0.0519877 0.109513 0.0330922 0.108831 -0.0768793 -0.0680645 0.157443 -0.188778 0.116466 0.148019 -0.149546 0.211713
0.0638243 0.0784608 -0.0795017 -0.0526347 0.0484241 0.0348938 0.116129 0.0152869 0.0289429 -0.0526537 -0.126871 -0.0430869 -0.0293515 0.0995997 -0.0868474 -0.287054 0.0112452 0.160517 -0.0414638 0.00668089 0.227438 -0.115311 -0.178325 -0.122925 0.0248127 0.237832 -0.0619777 0.0905671 0.0663421 0.141209 0.0937173 -0.152022 0.0572796 0.173902 -0.144058 -0.167027 0.119264 0.0916848 -0.0870487 0.234045 -0.179644 0.0580089 0.202916 0.0391406 0.108535 0.0595597 0.0892798 0.0505481 0.09131 0.350112 -0.0631371 -0.129631 0.0803176 0.0419483 -0.042926 -0.164873 0.0126159 0.0229544 -0.101956
-0.149358 0.128744 -0.0178743 0.0206074 -0.035186 -0.0702552 -0.0478868 0.145835 -0.0779394 0.11381 -0.060466 0.0128501 -0.0355163 0.0896622 -0.0880577 -0.129259 0.124598 0.145685 0.0253233 -0.213476 0.0564576 -0.0343059 -0.0267423 -0.124209 0.119526 -0.118495 0.0101419 0.209681 0.0300682 -0.0161964 0.0382737 -0.128538 0.000468628 0.0920505 -0.118986 0.238165 0.188494 0.0557461 0.0354629 0.0896371 0.274092 0.0484633 -0.0130206 -0.161706 0.0780812 0.156539 -0.141832 0.0510282 -0.0786049 0.0677849 0.127074 0.028612 0.00802222 0.0328521 0.015575 -0.053184 0.146016 0.0337326 -0.0579378
0.0574537 -0.0546414 0.019477 -0.235034 0.0740933 7.72754e-05 -0.181529 -0.0744694 -0.0420649 0.132095 -0.0835194 -0.0359159 -0.0305351 0.00541823 -0.0626935 -0.00463815 -0.0846474 -0.119796 -0.0172212 -0.179458 -0.26522 0.079249 0.150664 -0.515915 -0.0199182 0.194322 -0.13961 0.141349 0.16813 -0.0792903 0.197543 0.383491 0.154277 0.153526 -0.0293779 -0.179544 0.0354071 -0.00674787 -0.0482505 0.0175998 -0.00847899 0.00552346 0.0804047 -0.184805 0.0993581 -0.10479 0.0274933 0.0353059 -0.240668 0.0506741 -0.0464363 -0.0981382 -0.00606603 0.0346515 0.0519987 -0.0140423 0.0122229 -0.0846646 -0.153915
0.0111583 -0.109615 -0.00418337 0.196078 -0.0987932 0.0114334 -0.0438247 -0.00790496 -0.0805531 -0.109602 0.0421253 0.0225261 -0.0345907 0.0146357 -0.00772511 -0.0526501 0.0789502 -0.0404037 -0.0998537 0.0496501 0.195245 0.28939 0.111031 -0.136261 0.224168 0.365108 -0.138455 -0.119653 -0.119259 -0.0895518 -0.02566 -0.0604887 0.0278172 -0.0133522 0.189969 -0.138771 -0.250263 -0.121691 -0.00700796 0.0769217 0.184555 0.0288804 -0.0881567 -0.0230962 -0.0680428 0.115839 0.111318 0.210688 0.104898 0.0755293 -0.105268 0.0961411 -0.0927352 -0.0509868 0.0776903 0.0873106 -0.0494267 -0.20367 -0.0104167
-0.0901875 -0.0159737 0.0493831 -0.0167228 0.0353204 -0.114403 0.0206436 -0.0632609 -0.0368726 0.0849961 -0.023708 0.148783 -0.0761422 0.14029 0 -0.00187072 0.110372 0.210352 -0.060745 0.0957 0.00842901 -0.0737343 0.0782481 -0.163394 0.282175 0.145315 0.231085 0.15534 -0.14572 -0.122511 -0.277883 -0.0785973 -0.0484424 -0.0832728 -0.277167 0.229173 -0.0669208 0.0311996 0.0963493 0.120375 -0.0060047 -0.00715795 -0.0691507 -0.102542 -0.0485298 0.225439 -0.128386 -0.0985838 -0.110207 0.200554 0.100221 -0.0728608 0.00016277 -0.0358345 -0.160207 -0.0931768 0.0433475 0.0695555 0.188038
0.0348668 0.167034 0.0234904 -0.0592215 0.15324 0 -0.0803672 -0.0295025 -0.255558 0.10499 -0.0627416 0.0683986 -0.0974016 -0.0325668 -0.120891 0.0979534 0.0141747 0.0641618 -0.0474791 0.135784 -0.0124012 0.0780295 -0.0608357 0.149621 0.222398 0.0506646 0.047566 -0.0156197 0.142738 -0.211852 0.0687392 -0.0694234 0.00987329 0.185897 -0.0209552 0.0815302 0.111041 -0.0296308 -0.162691 0.167888 -0.061801 -0.15737 0.0990633 0.0954571 0.00617211 -0.0587091 -0.0860287 -0.0658463 -0.0146194 -0.120863 -0.139501 -0.0718398 -0.154849 0.0333899 0.025524 0.0493545 0.14197 -0.00633642 -0.0573007
0.0323425 -0.0408601 0.130618 -0.0620636 0.0107187 -0.0623652 0.00462854 0.0347884 0.0804071 0.0251734 0.202856 -0.0866936 0.0599502 -0.0513101 0.0153715 -0.0685977 -0.101383 -0.0937976 0.242188 -0.212042 -0.0870365 0.138249 -0.21279 0.033393 -0.142924 0.156116 -0.15057 0.055355 0.0920417 0.0626 -0.0433982 -0.242958 0.0739848 0.0962002 -0.264824 0.0796808 0.147177 -0.217826 0.00597978 -0.050671 -0.189346 0.00871585 0.110184 -0.0260472 -0.146513 -0.0429607 -0.0502667 -0.148511 0.0567028 0.00888043 -0.0720064 0.0824918 0.0279428 0.112625 -0.0336234 0.0293338 -0.0785748 -0.237039 -0.00700026
0.0253836 -0.0265118 0.0952266 0.0157015 0.0311017 0.0871792 -0.0277082 -0.162526 -0.0441215 -0.0956349 0.00448299 0.0249442 -0.0462616 0.0223725 -0.123694 0.126245 0.0626921 0 -0.026385 -0.236193 0.0837409 -0.00981186 -0.0786294 -0.0878004 0.147977 -0.00436892 -0.0220878 -0.0367043 -0.140262 -0.0225543 0.103381 0.117253 -0.245969 -0.0319549 -0.0224409 0.117396 -0.124754 0.0583189 0.044666 0.0632914 0.15076 0.046886 -0.0497109 0.0576493 -0.0750503 -0.283818 0.160856 -0.00985748 -0.0890923 -0.107511 -0.185202 -0.0487758 0.0445128 0.154517 -0.0932159 0.0432875 -0.0557407 0.0520554 0.0328732
0.00661666 0.283816 -0.00801291 -0.0772451 0.041151 0.0231943 -0.0915205 -0.104227 -0.00331208 -0.14368 -0.00133712 0.0629432 0.0918717 -0.178202 0.115305 -0.0593011 -0.137089 0.143568 -0.0809008 -0.197863 -0.0790546 -0.123736 0.179536 -0.141375 -0.0323645 -0.00151926 0.00656339 0.0395175 0.116304 -0.0753246 -0.0387211 0.157349 -0.0730459 0.0865998 -0.304543 -0.12709 0.09612 0.0151362 0.0306123 -0.00085562 0.159812 -0.154682 0.013768 0.0499431 -0.0571335 -0.0139159 0.198877 0.045478 -0.0699499 -0.046082 0.00361523 -0.0758432 0.194678 -0.096961 -0.194911 0.12203 -0.131946 -0.0196085 0.128584
