Proyectos/DeforestationModel/output/delta_ndvi.asc
ncols         300
nrows         300
xllcorner     273000
yllcorner     9.548e+06
cellsize      30
NODATA_value  -9999
[rows 135 to 161 of 300, columns 0 to 58 of 300]
-0.0695049 0.128538 -0.145206 -0.0185833 0.127069 0.139809 -0.114548 -0.12332 -0.0282994 -0.0517896 0.0149172 -0.0315661 -0.0569103 -0.13272 -0.253489 -0.109265 -0.114541 -0.0984875 0.104827 0.00354589 0.0143603 0.0480237 0.111944 -0.0663809 -0.00800275 0.147762 0.0387044 -0.108048 0.00471174 0.0647177 0.00534233 0.0290912 -0.0578688 -0.00427396 0.085397 0.0603439 0.15626 0.126494 -0.0674156 0.00594335 -0.25099 0.0855324 0.124175 -0.153257 0.0291956 0.0957957 0.0530025 0.00881184 -0.138581 -0.16696 -0.0735744 -0.0492212 -0.00814546 0.00123933 -0.140402 -0.141569 -0.134877 0.180375 -0.028193
0.0711975 -0.0250576 0.0904572 0.0377471 0.0466186 0.119745 -0.013778 0.0500329 -0.0303911 -0.00134729 -0.0740082 -0.221296 -0.174403 -0.0878178 0.0194064 0.110123 -0.111629 0.0314888 0.0863666 -0.133239 -0.153113 -0.0701033 0.059266 -0.118671 -0.0214639 -0.0908954 -0.00825258 -0.161119 0.122874 0.000671049 -0.00161664 0.113643 -0.0729188 0.0618931 0.0729121 0.00332802 0.0304053 -0.283493 0.147235 0.00598392 0.14381 -0.0776721 -0.0341611 -0.101318 0.0719122 0.0285687 0.0253045 -0.0598003 -0.0469036 0.0140683 0.0917357 0.0641841 0.178967 -0.00220145 0.0632776 -0.0732069 -0.0242551 -0.00711234 0.0396773
0.0648019 -0.192348 0.039037 0.0338415 -0.0207007 -0.0384915 0.0320993 -0.0440232 -0.00776438 0.0230332 -0.163897 -0.114394 -0.132387 0.0858298 0.105731 -0.00622397 -0.0667427 0.0223071 0.0871413 -0.0474346 -0.0632706 -0.154631 0.0272836 0.0152763 0.103432 0.0260476 0.112962 0.135858 -0.027755 -0.0310029 -0.0986763 0.0500711 -0.0449516 0.0843984 0.0525338 0.108642 -0.02312 0.0515687 -0.128604 -0.00904186 0.0786075 -0.0842209 0.0241888 -0.164421 0.149623 -0.124685 0.00422806 0.00946805 -0.0480566 -0.084441 0 -0.138523 0.0417904 0.194187 0.0811293 -0.105824 0.0767163 -0.0568147 -0.292055
-0.198221 -0.00375664 -0.147016 -0.0435358 0.0487119 0.0193362 0.0769697 0.116031 0.0564044 0.230185 -0.115174 0.0292311 -0.145768 -0.00900895 -0.0445332 -0.064654 0.00367538 0.112241 0.0681276 0.138641 -0.120903 -0.0986585 0.0176152 -0.143903 -0.0760945 0.0428185 0.0144673 0.0583593 -0.12739 0.235075 -0.00914232 0.0368407 -0.138562 -0.0212059 -0.064156 -0.0169683 -0.139924 -0.0117648 -0.0983025 -0.100759 -0.134083 0.00415877 -0.0260728 -0.0284989 0.0116694 -0.105245 -0.15759 -0.0274036 0.0386449 0.0648527 0.0251821 -0.0169797 -0.0109307 -0.0883043 0.0427499 -0.00544443 -0.0787458 -0.136903 -0.0596963
-0.100892 -0.0226842 -0.0167823 -0.00503855 -0.0179981 -0.111776 -0.0979177 0.0268917 -0.0822202 -0.0433376 -0.182793 0.0593881 -0.0282376 0.0211698 -0.0245143 0.0782044 0.0609487 0.0673877 0.108637 -0.154259 -0.121824 0.0448033 -0.10946 -0.0142906 -0.0109743 0.0926651 0.0808122 0.119603 0.138181 -0.122401 -0.0323771 0.0193776 0.0505873 -0.00259321 0.0407837 0.13011 -0.0121964 0.0839127 -0.0896465 0.0349627 -0.167722 -0.0581312 -0.058966 -0.00116008 0.132121 -0.0126881 -0.0988752 0.00734404 0.084594 0.0373735 -0.0575809 0.0417561 -0.019978 0.382406 -0.100803 0.0877025 0.0932477 0.115302 0.095694
-0.157342 0.189251 0.114387 0.243751 -0.0620402 0.00305615 0.0713812 0.02914 0.13465 -0.0154254 -0.0153866 0.0939478 -0.00132301 -0.124974 -0.0929758 -0.11697 0.0593587 -0.0808433 -0.0721306 0.0925973 -0.133478 -0.0904705 0.15344 0.000575294 -0.0538186 0.00619744 0.0584579 0.0277999 -0.113681 -0.0254538 -0.0725591 -0.119276 -0.18293 0.0929328 -0.00851366 0.154142 0.0170189 0.153933 -0.0715812 -0.0361903 0.0314386 0 -0.0109812 0.100232 -0.0482078 -0.0268907 -0.0528797 -0.0643552 0.00598158 -0.0123036 0.151761 0.0281141 0.113164 0.015521 -0.078688 -0.0876538 -0.059694 0.13436 0.108683
0.167108 -0.156696 -0.105086 0.0649255 -0.217158 -0.0046694 0.106658 -0.0105736 -0.0311957 0.131883 -0.0205587 0.0383679 0.00185641 0.0990647 -0.134898 -0.0846099 -0.115935 0.0497044 0.158232 0.0376906 0.048825 -0.0603353 -0.0161208 -0.0587711 0.0458772 0.0474245 -0.164839 -0.0656398 0 0.0175954 0.0281714 -0.0928865 -0.0292734 -0.0459349 -0.0607224 -0.10464 -0.0695341 -0.094063 0.170703 -0.0574204 -0.121569 0.00120604 -0.042244 -0.00617005 -0.00262703 0.236395 -0.0181437 0.108656 -0.0326608 0.0474474 -0.0428289 0.0230296 -0.0750332 -0.0580598 -0.0056376 -0.0721548 -0.164108 0.0222033 -0.101997
-0.0442664 -0.0463612 -0.166421 0.187649 -0.0149684 -0.022257 -0.0451053 -0.0446745 0.0897851 0.0748773 -0.128461 -0.122342 -0.0325635 -0.0129121 0.187333 0.10667 0.219032 0.00711187 -0.0472905 0.00459497 -0.161314 -0.00942634 0.124441 0.0510649 0.0215791 0.0415584 0.0603738 -0.0221126 -0.00149917 -0.123633 -0.0686939 0.176688 -0.162335 0.0611576 0 -0.00847144 -0.119294 -0.000682578 -0.0903288 -0.0561766 -0.0228183 0.213952 0.0513501 0.146493 -0.0544854 0.0952341 -0.00152167 0.0130196 -0.0964411 -0.0244863 -0.0586806 0.0634035 0.120794 0.056631 -0.0336856 -0.149292 -0.0673861 0.00135011 -0.0422643
0.10753 -0.258676 0.228116 0.0781072 0.0619282 -0.124312 -0.13802 -0.0279079 0.0209111 -0.0656921 0.0843965 -0.133928 0.0128113 0.1465 -0.191684 0.157203 0.0173272 -0.0202856 0.000141714 0.0661336 0.029041 -0.0554963 -0.027002 -0.0112152 -0.0894217 0.0913693 -0.0793716 0.165009 0.0880381 0.0176805 -0.0957532 0.161119 0.0741393 -0.0655994 -0.0319383 0.0539931 0 0.0747036 -0.00706097 0.0630106 -0.0112591 0.0562719 0.0693718 0.0837421 0.0179065 -0.0166031 -0.0473657 -0.0829464 0.0666788 0.010489 0.0308365 -0.134423 -0.0643469 -0.0921978 0.0946834 0.316653 0.0432389 -0.0440254 -0.0736546
-0.106427 0.0992345 -0.0546782 0.11421 0.120809 0.0683522 -0.00917574 -0.160954 -0.196658 -0.075617 0.0867287 0.203468 0.14318 0.0114505 0.015385 0.139668 -0.0469417 0.000977413 -0.115595 -0.0242573 -0.0999755 0.0148979 0.029137 0.10296 -0.0597001 0.0203537 0.0478565 0.103569 -0.0102071 0.0406451 0.0908015 0.0307556 -0.0602236 0.0864282 -0.0214114 0.0912411 -0.0868963 0.017131 -0.00982373 -0.132971 0.0674875 0.0177676 -0.0354133 -0.0131763 0.0173632 0.0383486 -0.0252737 0.0122372 -0.0893923 -0.0642105 -0.129969 0.138642 0.0872135 0.121256 -0.11816 0.0164956 0.230301 0.288942 -0.0162692
0.00302391 -0.0963464 0.0308764 0.0376169 -0.10318 -0.0719399 0.0515461 0.0191606 0.0117448 -0.019262 0.0635787 -0.0290218 -0.0327285 0.19378 0.0701563 0.0175691 -0.00893119 -0.00492454 0.0239413 -0.0649525 0.0207859 -0.0032721 0.103533 -0.029483 -0.0700972 -0.030729 0.036946 -0.02937 0.0327769 -0.015896 0.101094 0.0117296 -0.0946957 0.108066 0.155345 0.0326674 -0.0474471 0.0481759 0.029524 0.0186903 -0.0521087 -0.06563 -0.0617967 -0.0338331 0.129078 0.139358 0.0171365 -0.0532961 0.0310289 0.0808775 0.0300481 0.0521605 -0.0627155 -0.116304 -0.0864568 0.0697005 -0.0482988 0.164363 0.170105
0.0239977 -0.0308164 -0.122626 0.0562686 0.0056449 -0.0777575 0.0127938 -0.0700896 0.0858843 -0.107995 -0.0538106 -0.0115152 0.0957208 0.0440755 0.19914 -0.056491 -0.0748424 -0.104645 -0.111021 -0.00146689 -0.235365 0.0939212 0.0924689 -0.0987711 0.00961097 0.113897 -0.0634731 -0.12554 0.0703352 0.0869896 -0.0339241 -0.124117 -0.0515707 -0.054935 -0.0251199 -0.0273242 -0.115445 0.200571 -0.11024 0.0378692 -0.113153 0.0598778 0.0754225 0.170871 -0.00785489 0.0816845 -0.0279126 -0.0187712 -0.0219992 0.0330172 0.0602797 0.101314 0.0360162 0.149563 -0.114782 -0.155515 -0.170798 0.0304584 -0.152206
-0.0977752 -0.0617395 0.0646219 -0.0110268 -0.0339103 0.0727423 -0.149311 0.0625746 -0.000807916 -0.0300391 0.0620212 0.0244073 0.0994982 0.0358241 -0.0820417 -0.126467 0.0231977 0.0256682 0.122591 -0.164523 0.0786482 0.0474271 -0.100365 -0.0607942 -0.0501029 0.0228476 0.174241 -0.0509406 -0.0976485 -0.105003 0.0797104 -0.00197709 0.0823097 -0.0889592 -0.128876 0.0724375 0.0380629 0.117362 -0.0562514 -0.136494 0.128163 0.0651947 -0.0239254 0.0233353 -0.0756879 0 -0.0279566 0.077266 -0.0548616 -0.114008 0.00355282 -0.152172 0.0834534 -0.144063 0.024672 0.126858 0.0257285 0.0937115 -0.131201
0.0988478 0.191462 0.148767 -0.110547 0.0349458 0.0237503 0.106761 0.0580178 -0.0740276 -0.130202 -0.0597629 -0.0850886 0.034523 0.0093288 0.0461689 -0.0574325 0.121289 0.0116807 0.0619255 -0.0363889 0.142895 -0.113766 0.0289217 0.147031 -0.0246136 -0.00863453 -0.0160626 -0.202951 -0.0231327 -0.0568085 0.00908377 0.000301213 0.0189743 -0.0119075 0.120582 -0.0113722 0.167029 -0.0969373 0.0967377 -0.206546 -0.00324096 -0.000215013 0.0533473 -0.0142473 0.0327198 -0.0533316 0.0595653 0.0616177 0.0492397 -0.00590754 -0.020655 0.124434 -0.0323362 -0.0871787 -0.0376555 -0.0886515 0.147723 -0.146178 0.273801
-0.0596045 0.041968 0.0689135 0.0809027 0.180319 0.0255419 -0.0461532 0.061031 -0.112412 0.0261618 0.0512751 -0.0750125 0.0339639 -0.0459394 0.0707494 0.208243 0.0642239 0.296156 -0.0377463 0.0577005 0 -0.103132 0.0641541 -0.210969 -0.026356 -0.130395 -0.0893174 0.0773538 0.150869 0.0497311 -0.0287248 0.0353566 -0.0587908 -0.0868029 0.00155144 -0.056612 -0.0195091 0.0390818 -0.0713096 0.0111792 0.11005 -0.195796 0.112456 0.150472 -0.042985 -0.092847 0.116592 -0.155153 -0.112403 -0.0204378 -0.050513 -0.151085 0.171657 -0.0809452 -0.00899409 0.145807 0.0420222 -0.134235 0.0101571
0.105791 0.0722933 0.0932395 -0.134068 0.0325772 0.00859796 -0.146443 0.0656409 0.144295 0.121158 0.0578149 0.193537 -0.0609582 0.142944 -0.0696409 0.0306197 -0.0692285 0.0730013 -0.00183272 -0.0152903 0.00832238 -0.163669 0.0810164 0.051743 0.0289386 0.19442 0.00492687 0.0429244 0.0516716 0.00300512 0.0380969 -0.0745806 -0.00233591 0.0864107 -0.112471 0.123737 0.106119 0.0452105 0 0.0303373 0.0111763 0.0909747 0.0796366 0.081647 -0.0123251 0.158202 0.150104 -0.0165932 0.0064094 -0.00230232 -0.0662985 -0.0836353 0.0171295 -0.0416809 -0.0445717 -0.279686 0.000158772 0.0346681 -0.49533
-0.00211585 -0.214019 0.0567274 0.19532 -0.134949 0.0897367 0.0125071 -0.0656107 -0.0458799 -0.111411 0.0285852 0.0197684 -0.106005 -0.146967 0.0671047 -0.0425559 -0.00306676 0.049344 -0.0819601 0.0219707 0.0819958 0.155695 -0.194695 -0.101696 -0.0299128 -0.0540371 -0.107335 -0.0746195 0.0650398 -0.0228277 0.129884 -0.0722247 -0.00157824 -0.0478832 -0.0511245 -0.109003 -0.110857 -0.00694117 -0.152319 -0.0281473 0.0391823 0.0435283 0.0217747 -0.0966471 0.0606882 -0.0353316 0.157259 0.0406321 -0.0996941 0.08244 0.074916 0.0706688 -0.0417332 0.167881 0.152446 0.200479 0.330404 0.0735092 0.052429
-0.0163013 -0.0599196 -0.0180465 0.110663 0.141749 -0.0395711 0.000169783 -0.118387 0.0481366 -0.175065 -0.0335613 0.265664 0.0228865 0.194429 -0.0728007 0.0385275 0.135057 0.0833938 0.1129 0.115809 -0.103241 0.137906 0.0860248 0.0797479 0.208664 -0.0910402 0.0173683 0.0716404 0.144552 0.0173394 -0.0837246 0.0970581 -0.030677 -0.193537 0.181557 -0.0461557 0.0637675 0.0259232 0.039822 0.0169203 0.0588472 0.0363061 -0.0576763 -0.0901544 0.0375119 -0.100766 0.0349126 0.105907 -0.129137 0.0922751 0.0522761 0.114939 -0.00656967 0.0438075 0.17384 -0.00410908 0.0096749 -0.15976 0.260915
-0.102422 0.0560705 -0.129328 0.136093 0.129345 0.0886325 0.069593 -0.001387 0.00929848 0.0474444 0.0885513 -0.132188 0.0417415 0.0204516 0.250867 -0.09805 -0.0465437 0.0910706 -0.141782 -0.0644257 -0.212747 0.109401 -0.00074813 -0.10175 0.0499194 -0.0874235 -0.137725 -0.0322932 0.0699501 0.108308 0.0591102 0.0262562 0.0557513 0.0183791 -0.085487 0.0267497 0.0174639 0.0791036 0.0811258 -0.00366579 0.0753975 -0.00625986 0 0.10405 -0.0797238 0.0103374 -0.0673457 0.315611 0.0443092 -0.114409 0.127872 0.00408171 0.0871531 -0.0415287 0.0890992 -0.11275 0.00390883 0.176267 0.366886
-0.0698861 0.104688 0.0350992 0.163219 0.11659 -0.118196 0.0712187 -0.127897 -0.00871366 -0.0123911 -0.0113639 -0.0645813 0.0789683 -0.0209417 0.112865 0.00945527 -0.0704812 -0.0237831 0.0481562 0.0335734 -0.169174 0.0741411 0.0223318 -0.138224 0.0600381 0 0.0130027 0.116699 0.0883196 0.112268 0 -0.117314 0.0760513 -0.0217115 0.122891 0.0417973 0.0225417 -0.0123146 -0.0147643 0.07302 0.00992641 -0.10827 0.0947551 0.0258094 0.123784 -0.146943 -0.0819174 -0.0648205 -0.0201577 0.0130586 0.0785091 -0.025365 0.338334 0.00663191 -0.120245 -0.200754 -0.142933 0.316688 0.0382745
-0.0498645 -0.0856357 -0.0545997 -0.0786024 0.0452293 0.0855085 -0.048835 0.0797744 -0.131389 -0.0138019 -0.0576088 0.0406249 0.0278538 -0.0262666 0.0324185 0.122695 0.0615513 -0.00832481 -0.014349 -0.157992 0 -0.109425 -0.0953907 0.108296 0.0996967 0.232728 0 0.0955915 -0.151749 0.000483862 -0.00708799 0.00191202 0.158756 -0.0848372 -0.0699663 0.0433122 -0.201705 -0.0827603 0.044507 -0.121471 0.0480209 0.0794188 -0.0204835 -0.0884159 -0.0416757 0.0754509 -0.143493 -0.0930827 0.022877 -0.0345791 -0.0112713 0.24631 0.0375205 0.103393 0.0582458 -0.0796004 0.0613405 -0.22526 -0.0645182
-0.129981 -0.129655 0.00768119 0.0418744 -0.0114307 0.0315869 -0.0300685 -0.000353074 0.139943 -0.158598 -0.172108 -0.0674052 -0.152622 0.13998 0.0407481 0.144477 -0.0779117 -0.0653691 0.0733057 0.124688 0.0203277 -0.0613651 0 -0.108032 -0.056128 -0.0199583 -0.130513 0.00964651 0.0703201 0.0845658 -0.0634906 -0.0839133 0.119767 0.125225 0.122767 0.063941 -0.184999 0.228301 -0.0976619 -0.031248 0.00963374 -0.129257 0.0666376 0.225426 0.0821143 -0.0694413 0.0810536 0.0485169 0.000857832 -0.0809058 0.033384 -0.149821 -0.170976 0.0688102 0.0370978 0.0576921 0.0889021 -0.069641 0.0696888
0.225346 0.184946 0.0483072 0.0382479 0.117789 -0.0596278 0.0725481 -0.0457144 0.102421 -0.00469635 0.0859597 -0.0128382 0.0623319 0.112431 -0.0411142 0.0894656 0.106609 0.108769 0.0716106 0.00729419 0.210273 0.0687662 -0.0122377 0.065553 -0.0326405 -0.18104 0.0850368 0.0486162 -0.0427114 -0.141283 0.0178967 -0.00170789 -0.124712 0.0338142 0.0416492 -0.148194 -0.0151458 0.250009 -0.0333671 0.000159285 0.0245804 -0.0653067 0.0823067 -0.184828 0.0572387 -0.0652476 0.122588 -0.106748 0.0547613 0.0724173 0.0386161 -0.164956 -0.110499 0.161788 -0.027733 0.0630203 -0.0811261 -0.092106 0.141996
0.306822 -0.177621 0.0588235 0.0547699 0.0115857 0 0.0400412 -0.011463 0.0694323 0.079972 -0.0615592 -0.0546495 0.125078 0.00284888 -0.134056 0.0242051 -0.0974897 0.142593 -0.0631043 -0.0360779 0.127298 0 0.00457246 -0.0110592 -0.133827 0.172139 -0.00648175 0.115478 0.178348 0.141811 0.0523497 0.0518007 -0.0363727 0.0344982 0.0236 0.149338 0.0239066 -0.0596836 -0.0397506 -0.0665939 0.0886912 -0.169414 0.150147 -0.0240253 0 -0.0956415 0.0102254 -0.0859356 0.00155306 -0.0962462 0.101428 -0.0164085 -0.105782 0.0775572 -0.0303441 0.247178 0.00605397 0.00947937 -0.127557
0.0303452 -0.0439829 -0.0503328 -0.0707432 -0.00638995 -0.321602 -0.0678992 0.0138479 0.106967 0.0916782 0.177506 0.0480587 -0.131269 -0.107081 0.022422 0.110939 -0.0447525 -0.063919 0.0136227 0.0828583 0.102489 0.231158 0.0141271 -0.0089164 0.0699698 0.126076 -0.0859206 -0.0374914 0.0241601 0.0416251 0.0623651 -0.000976414 0.130787 0.14596 0.113214 -0.130799 -0.0737693 -0.00247793 0.0573428 -0.167325 -0.0388057 0.0175835 0.0998223 0.0582863 -0.0234825 -0.0460952 -0.159887 0.150853 -0.0159564 0.132143 -0.120634 -0.110374 -0.170801 0.0137233 0.166145 0.0769256 0.0299303 0.0447413 0.092742
-0.136669 -0.0447442 -0.0230727 0.151188 -0.0495921 0.0187726 0.0761149 0.0931149 0.046903 0.0359381 0.0525529 -0.0682244 -0.114911 -0.0737353 0.0610833 -0.13083 -0.0247534 0.217725 -0.0239545 0.00988928 -0.0425497 -0.102921 -0.0775692 0.0160808 0.0439265 -0.09756 -0.0603658 -0.154481 0.0831976 -0.0276003 -0.00613924 -0.051506 -0.044873 -0.0862699 0.15996 0.06989 -0.0319612 -0.0988458 0.065478 0.122077 -0.107646 0.0632089 -0.0387942 -0.0100267 -0.124499 0.0276657 0.012902 -0.0559025 -0.215146 -0.0568191 0.0994751 0.0560854 -0.112307 0.0388095 0.344259 -0.104887 -0.126282 -0.0200685 -0.0852728
-0.0955876 0.0326283 0.264204 -0.0766201 0.108785 -0.0601827 -0.00612436 -0.0330517 -0.0201133 -0.00620332 -0.0268019 -0.0978977 -0.0146363 0.0681622 0.0887579 0.0130613 -0.0639543 0.245475 -0.0750023 -0.0954064 -0.0118842 -0.105859 -0.0183455 -0.0238902 0.00270317 -0.0144484 0.00200533 0.0309126 0.058225 0.0758164 0.0210157 0.0875848 0.0434656 0.116115 0.0980416 0.0580442 -0.0223359 0.188016 -0.0510938 -0.118422 -0.106319 0.0550106 0.00820749 0.0511923 0.023726 0.0208842 0.0960096 0.0996381 -0.10436 0.14727 -0.0735425 -0.0049222 0.0239435 0.0439019 -0.186748 -0.19043 0.0798068 0.155815 0.0192419
