Proyectos/DeforestationModel/output/delta_ndvi.asc
ncols         300
nrows         300
xllcorner     273000
yllcorner     9.548e+06
cellsize      30
NODATA_value  -9999
[rows 189 to 215 of 300, columns 177 to 235 of 300]
-0.066944 0.136349 0.154221 0.0976578 -0.0735312 -0.0209324 -0.0808944 0.0202127 -0.119601 -0.0246703 0.0437266 -0.0954239 -0.130137 0.132092 -0.169552 -0.0553115 -0.0216685 -0.135748 0.0396549 0.146209 0.0685507 0.0309783 -0.056507 -0.0942498 -0.0326609 0.147744 0.179559 0.0392379 0.0535004 -0.12085 -0.0236936 -0.0511497 -0.0417752 -0.0173556 -0.185454 -0.0145713 -0.0819289 0.0964625 0.0768675 -0.0222943 0.0375691 -0.0119678 0.0185933 0.0802363 0 -0.0840096 -0.00213953 0.0291852 -0.00280645 -0.15778 -0.0218444 -0.0951502 0.113515 -0.124646 -0.0906116 0.164367 0.0700499 -0.0415549 -0.0628783
-0.0420846 0.0351398 0.0370219 -0.016631 0.0355591 -0.186678 -0.14683 0.0762411 -0.00620753 0.119996 -0.108353 0.0276965 0.0528467 0.115422 0.0294228 0.0149923 0.0251889 0.0778745 -0.0340778 -0.0216733 0.0541572 -0.0259497 -0.0363262 -0.027017 0 0.0540377 -0.15868 -0.0504622 0.031972 0.00590051 -0.081244 -0.0471446 -0.0989099 -0.000712569 -0.130108 -0.130506 0.03658 -0.0583311 0.00432965 -0.135552 0.0224688 0.0825799 -0.120303 0.167005 -0.1718 -0.0354471 -0.0461203 0 -0.0422456 0.00895726 0.055787 -0.130403 -0.135257 -0.205939 -0.0580523 -0.179383 -0.149862 0.0260797 0.0341293
0.0434854 -0.00718353 0.00966009 -0.0626301 -0.114737 -0.169543 -0.073036 0.0742324 0.092803 -0.111961 -0.114379 0.145998 -0.0844223 -0.0118827 -0.0529847 0.203986 0.0210071 -0.0190378 -0.0200324 0.0495952 -0.0109704 0.034337 0 0 -0.0155614 -0.00208785 -0.168788 -0.00779885 0.0864008 -0.0788108 0.0197341 0.082733 -0.152407 -0.17856 -0.169569 -0.0763042 -0.0711481 -0.105157 0.0335196 0.0929352 0.152859 0.046995 0.0323908 -0.0305442 -0.0565857 -0.0786672 0.0283562 -0.0802414 0.030284 0.108726 -0.149458 -0.0684737 0.0366484 -0.0577886 -0.0921424 -0.0166597 0.0344426 -0.114252 -0.0924288
-0.0961591 -0.0136831 0.0339365 0.118033 -0.0797623 0.100348 0.0180642 -0.0617415 -0.0559259 -0.168259 -0.00416414 -0.0534231 -0.218876 -0.0284319 -0.0475635 -0.142683 -0.0065062 0.00566054 -0.00896981 0.0683668 0.0726617 -0.0110678 -0.0803921 0.0693942 -0.0305242 0.0334176 -0.00526526 0.0114533 -0.0595631 -0.0864326 -0.0940258 0.123109 0.0611402 0.0393587 -0.0274848 -0.0489564 -0.00649752 -0.0953454 0.131617 -0.0152171 -0.0943785 0.0373141 0 -0.012103 -0.1121 0.279041 0 0.166271 0.0397494 -0.0323318 0.0401995 0.162792 -0.0491862 -0.0952939 0.029864 0.0858145 -0.0702503 0.0263975 -0.140595
-0.0117554 0.0429614 0.0146377 0.0134622 0.0630742 -0.0129502 -0.0905444 -0.0144377 -0.0429325 0.0760969 0 0.0279383 -0.0567013 -0.0177712 -0.00504849 -0.0268138 -0.00914057 0.0977407 0.0459086 0.0536315 0.0271231 0.0016395 0.0849955 0.0643034 -0.171542 -0.0163252 -0.0400409 -0.0885107 0.0690089 0.0466968 -0.0256209 0.0716892 -0.104795 0.0498588 -0.022493 0.137108 0.164762 0.074036 0.0334853 -0.0143941 -0.0502157 -0.169099 -0.0175532 -0.0688793 0.113598 0.0144703 0.00290337 0.0705175 -0.0204679 -0.110185 0.0481985 0.136645 0.117729 0.0484065 0.138944 0.0780881 -0.0235243 -0.0318956 0.0780371
0.0637816 -0.0465645 -0.203472 -0.116159 0.0512466 -0.0462243 0.0326929 -0.041696 -0.0454858 -0.103827 0.00506196 -0.0629764 0.010649 0.0682855 -0.128356 -0.0462043 -0.0478253 0.0698854 0.175305 0.0153452 -0.0867703 0.0560174 0.0725808 0.0844904 -0.0557273 -0.0834559 -0.0215859 0 0.0175385 -0.0154335 -0.011656 0.0148219 -0.0477523 0.0634335 0.0428346 -0.0763542 0.00988357 -0.0600647 0.0746609 -0.164566 -0.0616717 -0.0163047 0.0421218 -0.0999214 0.119618 -0.017541 -0.168913 0.0100321 0.0153815 0.0963603 -0.104496 0.0372363 -0.145655 0.211285 0.086169 -0.0215123 0.000900197 -0.114581 -0.0817818
0.111937 0.0929696 0.0271055 -0.0704825 0.0297764 -0.0786996 0.234969 0.0940898 0 -0.118853 -0.0378482 -0.0874046 0.00152358 -0.0403649 -0.0680986 0.0394877 -0.187021 0 0.125267 -0.130394 0.0777977 -0.0884368 -0.0260978 -0.0544829 -0.0369606 0.0859563 0.0913217 -0.0957636 0.0566519 0.0283096 0.0123096 -0.0465983 0.0712323 0.11318 -0.00333536 0 -0.104936 0.116331 0.00477507 0.038243 -0.083554 -0.010256 -0.155219 -0.0570191 0.0137775 -0.0495852 0.0522992 -0.146234 0.131163 0.0369109 -0.0874863 0.11135 0.136767 -0.0506861 -0.0635593 0.179687 -0.156377 0.0304209 0.213989
-0.00828128 -0.00517021 0.0353745 -0.184122 -0.186248 0.0740579 -0.14312 -0.0871332 -0.0902384 -0.0152844 -0.0543788 0.175218 -0.00440741 -0.139731 0.0784524 -0.00179822 0.047076 0.05679 -0.0363873 -0.00322454 -0.0356781 0.0167496 0.0272096 0.0622709 0 -0.0467643 0.0971207 -0.130135 0.0088152 -0.0247926 0.0448445 -0.0157562 -0.109799 -0.0223669 0.0543368 0.0552683 0.0158339 0.0338753 -0.0677813 0.0058706 -0.0344297 0.0428787 -0.128993 0.0401912 -0.08765 -0.256757 0.0765916 0.0234159 -0.0780521 -0.0911204 0.0515191 -0.077768 -0.0688733 -0.0538841 -0.168769 -0.0176917 -0.0528186 0 -0.00631255
-0.144309 -0.0668525 -0.11773 0.104532 -0.117265 0.0682707 -0.0875446 -0.0349323 0.0852032 0 0.0246465 0.0173445 -0.016864 0.0400734 -0.0896095 0.15125 -0.00464217 0.0958525 -0.0610204 -0.00473477 0 0.00614083 0.0185784 0.145544 -0.0906071 0.106235 0.163325 -0.0835122 -0.00787911 0.0845838 -0.0183911 0.0759823 -0.10685 -0.0655699 0 0.0223878 -0.24107 0.0615138 -0.0459453 0.107046 -0.267476 -0.139899 0 0.0167059 0.00426485 -0.168548 -0.000333681 -0.0661627 0.0339946 0.0332035 0.0458165 -0.0660705 0.098571 0.0159273 0.0151602 0.189987 0.130958 -0.204285 -0.0686662
-0.0010683 0.143598 0.0996091 -0.135523 -0.0691015 0.0142009 -0.109452 0.125845 -0.0551475 0.182962 0.0104789 -0.0560531 0.00398394 -0.0811652 -0.0280108 -0.0423975 -0.128589 -0.0105185 -0.0507017 0.123291 -0.0468981 0.188045 0.0932065 -0.00206686 0.0268084 0.0185068 0.0494812 -0.0902243 0.0279594 -0.116611 -0.0949973 -0.0489284 0.0167405 -0.064873 -0.0927977 -0.144069 -0.108558 0.150264 0.140463 0.0170176 0.0158268 0.0196744 0.140939 0.077521 -0.0526551 0.05804 -0.0253852 0.0357236 -0.0287161 -0.00923643 0.0478257 -0.00357917 -0.00680732 0.108361 0.111719 -0.00723744 -0.0396936 0.106364 0.20183
-0.08893 0.254968 0.0594293 -0.197203 0.00792838 -0.0523984 0.0696978 0.207807 -0.0561187 -0.00252704 0.0670518 -0.115905 0.183486 0.00146051 -0.0769472 0.0903254 -0.148085 0.114439 -0.0159667 0.0617056 0.0174516 0.124328 0.050874 0.00341215 -0.00323944 -0.113524 0 -0.104527 0.0786337 -0.0502719 -0.0790673 0.0902063 0.0819775 0.0448464 0.067126 -0.0133698 0.0281123 0.0590422 -0.0845782 -0.139199 0.233975 -0.0552694 -0.0665995 -0.0369268 -0.0535466 0.18286 0.147276 0.123535 -0.115592 -0.0695325 -0.210438 -0.215414 -0.0700838 -0.107461 -0.0626708 -0.0871666 -0.0499301 -0.141181 -0.0421822
0.0182902 -0.0523826 -0.0481107 0.00590347 0.0755463 -0.00501209 -0.0855044 0.0210671 -0.0294152 -0.0935812 -0.0893216 -0.081466 0.00563993 0.165783 -0.0194289 -0.077367 -0.108796 0.0444438 0.0155939 -0.0573823 0.106679 -0.0381427 -0.0601434 0.0945091 -0.130592 0.110662 -0.0752757 0.0137558 -0.00530478 -0.026336 -0.0585684 0.19335 0.102305 0.0849266 0.0162551 -0.0194597 -0.0202398 -0.0996483 0.104456 0.231588 0.146746 0.0360992 0.099198 0.0434386 0.0383684 0.0906731 0.0715249 -0.0220886 0.100813 0.123977 -0.00472252 -0.0365434 0.124217 0.0152509 0.0740553 0.0254168 -0.10439 0.027881 -0.0124525
0.046658 -0.0673206 -0.0602005 -0.0885803 0.00722879 -0.0934002 0.145795 -0.00521605 -0.0454321 -0.0370167 -0.00433006 -0.074506 -0.132325 0.0614796 0.0208978 -0.062281 0.0111404 0.0638459 0.00266648 0.0607794 -0.00874334 -0.00330599 -0.0312125 -0.0464832 0.0340303 0.139442 -0.136593 0.0814026 0.0864293 -0.0594067 -0.0720707 0.0372243 0.00750905 -0.0751602 -0.103567 0.013392 0.0735848 0.0288155 -0.0409153 -0.0775178 -0.0622815 0.00218955 -0.0766121 0.070547 0.00682294 0.0460751 0.122011 0.00883047 -0.0292122 -0.0295406 0.0281566 0.0936607 -0.0164926 0.0360078 0.0126068 -0.136489 -0.0975069 0.0471521 0.0344712
-0.143701 -0.139612 0.08071 -0.00633418 -0.196379 0.138863 -0.0510995 -0.0568444 0.032631 -0.0233879 -0.0252019 -0.000158493 0.101526 -0.014461 -0.0878949 -0.0435814 0.124722 0.0651258 -0.071457 -0.0539811 0.0519096 -0.064403 -0.0615085 0.0582397 0.0714021 0.0659794 -0.0267792 -0.115674 0.0953681 0.0258446 -0.00288089 -0.0581251 0.0715444 -0.0278398 0.0271603 -0.0298948 0.0118132 0.0382243 -0.0513333 -0.07646 -0.0595929 0.164922 0.0482334 0.00932939 -0.00133425 0.165933 0.00899212 -0.0505609 -0.199084 0.0266905 -0.0652665 -0.049456 -0.121268 -0.113263 0.191874 -0.0134519 -0.0897972 -0.0266738 0.0172955
-0.0912101 0.0225261 0.0078177 -0.00663481 0.076101 -0.0089711 0.0496167 0.0753629 0.0523929 -0.0026057 0 0.00589228 0.0300419 -0.0844893 -0.0288505 0.101405 -0.0338552 -0.158642 -0.0223231 0.0786763 -0.00850762 -0.0134538 -0.00373959 -0.0301238 -0.0108385 0.0910728 -0.0745123 0.122676 0.0574734 -0.0747368 -0.0335931 0.0726227 0.0946718 -0.102791 0.114905 -0.0627742 -0.0567103 0.12812 -0.0696136 -0.0884655 0.0415623 -0.0175134 0.0697176 0.197465 0.129669 -0.169658 -0.0580105 -0.216381 0.239087 -0.0763759 -0.0705435 0.112099 -0.0661834 -0.133347 0.163882 -0.0907401 0.0554914 -0.0965865 -0.108318
0.0354672 -0.0105068 -0.124793 -0.0594271 0.107245 -0.0999217 -0.0792031 0.0417199 -0.0721247 -0.0966608 0.0653606 0.0401851 0.00551395 0.127889 -0.0771995 -0.0693601 -0.0526932 0.0434999 0.0651648 0.0889098 0.167612 -0.220277 0.039804 0.143501 0.0147535 -0.0464104 0.0301579 -0.0989421 0.00999658 0.082219 0.0299719 -0.0294602 -0.0882314 0.0971735 0.101688 -0.0495173 0.0743872 0.0715299 -0.0198054 0.0301078 -0.0789867 0.160267 -0.00285897 0.083582 0.0105783 0.171902 -0.131145 -0.00165001 -0.0101667 0.0469279 0 0.318971 0.0347782 0.0624829 0.0228273 0.00555363 -0.122914 -0.166024 0.116379
0.0360365 0.0691626 0.0838412 -0.0592447 0.0346258 0.00237514 0.0164147 -0.046365 0.00209357 0.0659608 0.173287 -0.00676315 -0.0279651 -0.0299282 -0.121605 -0.0489849 -0.0753051 0.0064952 0.068678 0.165293 0.0926663 0.0388683 -0.0386467 0.131387 0.0437444 -0.0674085 0.0441663 -0.0254937 -0.102141 -0.110805 -0.098667 -0.0678511 -0.142705 0 -0.11597 0.0435047 0.0211032 -0.05442 -0.0845483 -0.106528 -0.0595354 -0.0650719 0.0997763 0.06931 0.0342539 0.0793255 -0.14821 -0.0201506 0.0023059 -0.0970041 -0.000591196 -0.188042 -0.208467 -0.0617441 -0.246736 -0.0222461 -0.0157255 -0.0852405 -0.0707614
0.125225 0.108645 0.165907 -0.0700375 0.0661737 -0.0388127 -0.0702413 -0.0113355 -0.0781376 -0.0605232 0.0326388 0.129297 -0.114734 -0.15503 0.0581065 -0.000297261 -0.0572319 -0.129453 0.0128343 -0.0376573 0.0637392 -0.0864371 -0.102971 0.0159242 -0.0964946 -0.122328 -0.104485 0.0871219 0.164834 -0.0468395 -0.135359 -0.0930719 -0.0870919 -0.0400742 0.0499966 0.00850621 -0.0537221 -0.076382 -0.0665765 -0.107481 -0.00430268 0.0837246 -0.173587 0.00628458 0.0793882 0.0963954 -0.0231871 0.0863456 0.0307395 0.0517095 -0.0363479 -0.113536 0.143781 0.144375 0.0662153 0.0603111 0.161475 -0.0931402 0.092116
0.0372656 0.00590587 -0.170633 0.106997 0.0751681 -0.02758 0.0292216 0.0689366 -0.0223997 0.0336196 -0.100396 -0.0460882 -0.040842 0.0518364 0.0109926 0.150055 0.0831614 -0.0486604 0.0337877 -0.0132092 0.078693 0.0226934 -0.00542699 0.0351044 0.0767485 0.0093331 0.0511072 0.103839 -0.122622 0.0236129 0 0.0747419 0.0319618 0.0642011 -0.0835816 0.000199175 0.00190623 0 -0.0239055 0.00340233 -2.54659e-05 -0.0475862 0.114992 0.0530908 -0.122572 0.231483 -0.125256 0.0762957 -0.0725285 -0.0317074 0.0584609 -0.0629731 0.0803358 -0.00523246 0.128619 -0.266932 0.0900458 0.0433699 0.0241993
-0.0566374 0.0158467 -0.0428966 -0.0971356 -0.108787 -0.0538485 -0.141825 -0.133105 0.0926409 0.0854387 0.0452443 0 0.114445 0.0338224 -0.0100191 -0.0508648 0.0317186 0.127432 0.119174 -0.0965848 0.140545 -0.110564 0.00991555 0.0779856 -0.0382652 -0.0322407 -0.0479896 0.0455287 -0.0574336 0.0494414 -0.079737 0.0856541 0.0091061 0.064347 0.0613125 -0.0764696 -0.0313796 -0.0382591 0.00921299 -0.0521316 0.0959225 -0.0117505 0.0958687 -0.0125956 -0.122032 0.0532475 0.184302 0.0703396 -0.0420374 -0.150446 0.00859183 0.108281 -0.0134749 -0.0923978 -0.00332671 -0.189627 0.0689978 0.0877055 0.12747
-0.0819659 -0.0548903 -0.0095757 -0.00864428 -0.0919591 0.0500344 0.0646404 0.0532593 0.0304776 0.0612448 -0.109611 0.0136802 0.00170993 -0.0341882 0.085055 -0.0175434 0.115919 0.131103 -0.0635306 0.133078 0.0096163 0 -0.0302973 0.0602152 0.0090524 -0.00817529 -0.140795 -0.0655402 -0.0129266 0 0.0331959 -0.117733 0 0.0376882 -0.110701 -0.0763113 0.0640571 0.166338 -0.114141 -0.0355158 -0.0616037 0.107373 0.225062 0.00717921 0.0289139 0.0422697 -0.00432331 0.0663346 0.119765 0.0834257 0.107291 -0.243794 0.0679601 -0.213589 0.0567944 -0.15878 -0.00371627 0.0781415 0.0571338
-0.0898137 0.0538081 -0.0968893 -0.099893 0.006838 -0.00382213 0.00621726 -0.1236 -0.0730568 -0.0142748 -0.0462572 0.0505997 0.0445546 -0.122303 0.0495653 -0.021625 0.0223307 0.0146173 0.00720027 0.118046 -0.0480803 -0.0819812 -0.100014 0.0787965 0.0493197 0.0167912 -0.024176 -0.0115332 -0.0332019 0.0798683 -0.0215585 0.105113 0.124251 -0.143149 0.103662 -0.110997 -0.0644835 0.0807022 0.000112941 0.15334 0.0433117 0.0401807 0.0493751 -0.0467079 -0.100412 -0.039546 0.0427418 0.0148552 0.0662066 -0.025998 0.147837 0.044606 -0.128238 -0.0512876 -0.0793089 0.0439135 0.0974887 0.0128794 0.101116
0.0958 0.0673566 -0.0116087 -0.186513 -0.154484 -0.0973884 -0.00835364 0 0.00777092 -0.0802831 0.130209 0.0610752 0.0506432 -0.0207311 0.026976 -0.0121745 0.045271 0.0435091 0.128436 -0.0282143 0.0588886 -0.0566504 -0.0647295 -0.0173863 -0.0203588 -0.0517084 0.0361133 0.0600186 0.176891 0.0474834 -0.0639418 -0.0256465 -0.0542233 -0.0763822 -0.13653 0.121343 -0.0405665 -0.0396743 0.0886725 0.0206177 -0.0636595 0.0549398 0.115238 0.080886 0.059454 -0.0101022 0.0474514 -0.0196508 0.103797 -0.117006 -0.0915298 0.125748 0.0543175 0.0100034 -0.0937703 0.00971633 0.0317285 0.0726259 0.0508946
-0.0461816 -0.0576907 0.108982 -0.0893685 -0.0761119 0.0610702 0 0.0762309 0.0286734 -0.0753817 0.0879078 -0.0181612 -0.0470007 -0.0722138 -0.149083 0.0528407 0.0542884 0.0830863 0.0785235 0.0142815 0.00397542 0.0793315 0.166736 -0.0181972 0.0169289 -0.0589697 -0.0203063 -0.167575 -0.0301755 0.0405666 -0.0128979 0.0421236 -0.00795955 -0.103024 0.00649459 -0.0171172 0.0629597 -0.150861 0.0658709 -0.0839601 -0.14073 -0.0440493 0.0913067 -0.193184 -0.0320606 -0.0244535 -0.0348141 0.123054 0.0157118 0.0119422 0.0171874 -0.0478116 0.0981939 0.00983823 0.0468887 0.0106826 -0.0630006 -0.0593062 0.0398666
-0.150609 -0.0878385 -0.0946924 0.142039 -0.0068404 0.0422863 -0.0313142 -0.0559711 0.0084537 0.0309031 0.0190772 0.0286508 0 -0.00871356 0.0851036 0.0375498 -0.00110856 -0.0392693 -0.00394045 -0.094055 -0.0178503 0.173966 -0.0959735 -0.0225589 0.0397467 -0.0364819 -0.00837271 0.119747 0.0625063 0.0623444 -0.124703 0.120773 -0.0015426 0.0473015 0.0730201 0.145617 -0.0145299 -0.0112005 0.123813 -0.0467281 -0.177191 0.00941142 0.0755925 0.129687 0.0277192 0.0111175 0.0601746 0.0099018 0.123048 -0.0619236 0.0975269 0.121434 0.090705 0.0290793 0.0256769 -0.0931002 -0.0522071 -0.144139 0.0576256
-0.0106825 -0.110114 0.0639879 0.0204201 0.091364 0.0985072 -0.120392 -0.0337448 0.0982347 0.100159 0.0471171 0.00658827 0.0252316 -0.0867421 0.00360612 -0.138482 0.0430936 0.0377549 0.0117173 -0.0871642 0.126686 0.0577081 -0.0626754 0.0953148 0.149469 0.142257 -0.00316328 0.0246621 0.00548605 0.0584392 -0.186096 -0.16832 -0.0967836 -0.218732 -0.100363 0.11057 -0.101734 0.0741343 -0.110661 0.0310831 0.00490867 -0.070137 0.0108964 0.0287211 0.0994585 -0.0908003 -0.00972605 -0.0451134 -0.0540303 -0.127173 -0.144626 -0.022845 0.147352 0.0707642 -0.194163 -0.0612246 -0.0404841 0.032901 0.133139
0.0920392 -0.0280931 -0.0592238 0.0403203 -0.0512772 0.101261 0.0782887 0.0403328 0.236066 -0.110718 -0.128901 -0.0223416 -0.171985 -0.136593 0.0535609 0.0619419 0.0550426 -0.0313413 -0.0615952 0.0382128 0.241658 0.0545056 0.0216738 0.0905304 0.0213955 -0.114402 -0.0507296 -0.154398 0.0317976 0.0522475 0.108562 0.132807 0.0546934 0.14639 0.0102382 0.057331 -0.0926134 -0.0284516 -0.000787447 -0.102664 0.0633078 -0.0437986 0.10829 -0.140583 0.0236174 0 0.0539343 0.120294 -0.0268565 -0.0953766 0.0347242 -0.130988 -0.00428789 -0.111647 0.0963948 -0.0290461 0.0179568 -0.14898 0.157113
