Proyectos/DeforestationModel/output/delta_ndvi.asc
ncols         300
nrows         300
xllcorner     273000
yllcorner     9.548e+06
cellsize      30
NODATA_value  -9999
[rows 162 to 188 of 300, columns 177 to 235 of 300]
0.0257484 -0.0502686 0.013952 0.153561 -0.0838495 -0.14819 -0.0968104 0.0908839 0.107737 -0.112955 0.0280976 0.0280697 0.0698739 0.0592401 0.00171549 -0.11465 -0.0499864 -0.0373473 0.0876713 -0.0239996 -0.201955 -0.0986162 -0.091803 -0.0870666 -0.134278 0.0538868 -0.0146712 -0.143285 0.0399121 -0.0904398 -0.173515 0.00284965 -0.067761 0.0386626 -0.054504 0.0235886 -0.134769 0.0582252 0.0688441 0 0.0894792 0.020811 -0.128719 0.0297129 0.010318 0.110008 -0.0530676 0.0564199 -0.326055 0.0806029 0.0916114 -0.0146952 0.0170104 -0.0745684 0.164486 -0.105692 -0.131271 -0.0274613 -0.0857832
0.423793 -0.0186365 0.0843495 -0.22867 -0.0649088 0.163475 0.155882 -0.0747401 0.157774 -0.0858315 -0.0557674 -0.169866 -0.135913 -0.148929 -0.0991223 -0.0850045 0.0440366 -0.159403 0.185972 0.025134 -0.0705833 -0.0559424 0.161649 0.191142 0.126171 -0.11316 -0.0874579 -0.129656 0.0418535 -0.0574754 -0.0708593 -0.115092 -0.042745 -0.00961468 -0.035045 -0.104498 0.173854 0.0170013 -0.0289768 0.000385271 0.0411603 0.0610639 0.00404856 -0.112385 -0.0594542 -0.0793108 -0.136015 0.0571256 -0.0122394 -0.0244163 -0.0328722 0.0631824 0.0726166 -0.123831 0.0976878 -0.128805 -0.150818 -0.257347 -0.0637356
0.153316 -0.0715591 0.266431 0.155197 0.0482793 -0.0146313 -0.0380086 -0.0153909 0.0587766 0.0719035 0.0771828 0.133216 -0.111355 -0.0489803 0.0813077 0.0503052 -0.0448961 -0.130796 -0.276834 -0.062037 0.0111169 0.0405703 -0.0455231 0.0490158 -0.0148364 0.0673863 0.157258 -0.0256597 0.0495782 0 0.143124 -0.0666447 0.00992862 -0.0485036 -0.0825858 -0.0767671 0.0478727 -0.0948544 -0.0505791 -0.00352487 0.0882804 -0.0866395 0 0.0288934 -0.0353196 -0.0694754 -0.0112658 0.0335566 0.0598898 0.0684503 0.0544889 0.0103889 -0.0697328 -0.148873 0.00571765 0.00986111 0.0945014 -0.10861 0
-0.0304687 0.126751 0.0224023 0.021012 -0.0213829 0.0184308 0.0351386 -0.0476874 0.208807 0.05586 0.184121 0.00521122 0.0457229 -0.163958 -0.0952582 -0.0965704 0.0483256 -0.209285 0.00296958 0.0456499 0.0140534 -0.0189182 0.0415507 0.00332232 0.0870384 0.0281269 -0.0412646 0.134484 -0.129006 -0.0393575 -0.0372607 0.207718 -0.0555443 -0.0488926 0.00575886 0.0093142 0.0286018 0.0297677 -0.0284832 -0.0107111 -0.0938693 -0.240872 -0.10381 -0.0339806 -0.100634 0.134099 0.142464 -0.123549 -0.268939 0.0651109 -0.0236994 0.0342845 0.0772493 0.0520895 -0.0852662 -0.0264259 -0.121212 0.08369 0.0725161
-0.119591 0.244055 0.0596241 -0.143595 -0.0795918 -0.0165057 0.0604241 0.0472903 0.104696 0.114458 0.0789583 0.139193 0.0997443 0.0411692 0.00865768 -0.034197 -0.180875 -0.00198037 0.0576052 -0.116916 0.0469479 -0.0291292 0.0873428 -0.0597502 -0.0518323 0.0494469 0.0674227 -0.235219 -0.155595 -0.0670023 0.15796 0.103907 0.0297125 0.175571 -0.0532265 -0.038285 0.0633894 0.068009 0.0767798 0.0171488 -0.0198301 0.111653 -0.0654129 0.116511 0.0235678 -0.0176446 0.0770106 0.183127 0.351591 0.0256335 0.191466 0.0900391 0.0347439 0 -0.0323784 0.112859 -0.107644 -0.131862 0.0416781
0.054688 -0.0205402 0.0250957 -0.0416128 -0.0636546 -0.106337 0.127957 0.150653 -0.0177189 0.136939 0.0471784 -0.0967354 0.159845 0.13021 -0.045433 -0.0570899 -0.083771 0.108695 -0.0858495 0.119259 -0.084743 -0.00126636 0.136972 0.126146 0.0161074 -0.0111983 0.0328177 0.123574 -0.0465278 0.0164198 0.0374967 0.0501298 -0.214223 0 0.0736019 0.110622 -0.0465406 0.039013 -0.15825 0.0217598 -0.0730658 -0.0862513 -0.0658744 0.0680689 -0.0599246 0.166456 0.096879 0.0720076 -0.0733435 -0.185156 -0.160394 0.142106 0.0667254 0.0385813 0.0658637 0.127573 0.0149829 -0.0211238 -0.0446174
-0.076239 -0.119549 -0.0674135 0.139468 -0.111043 -0.0438601 -0.106353 -0.0245753 0.135711 0.0730592 0.0153506 0.0994003 -0.0651189 0.0856928 0.0542753 -0.000637417 0.114836 -0.111664 -0.112889 -0.0655842 -0.0510043 -0.0407092 0.130666 -0.185653 -0.199688 0.0708217 0.189515 0.103264 0.171438 -0.200917 -0.00497625 -0.0284737 0.0459815 0.00215303 -0.142058 0.0336091 0.133238 0.0875192 0.137515 -0.0551377 0.082978 -0.0727957 -0.0480387 0.0931712 0.0564505 -0.126846 0.0243594 -0.0450639 -0.0733593 -0.137967 -0.0645161 -0.268071 -0.182248 0.0645233 0.0130825 -0.108453 -0.00119703 0.0342514 -0.0240515
-0.158455 -0.0924414 0.0527182 -0.0924807 -0.0226417 0.079952 0.117904 0.0643057 0.0218966 0.0237863 -0.0862025 -0.0714148 0.108257 0.114501 0.0903057 -0.149063 0.070228 -0.0787403 0.035313 -0.236401 0.0482799 0.118114 -0.0363783 0.0858062 -0.116377 0.128808 0.075697 0.0563162 -0.1173 0.0215305 0 0.00112429 -0.0223074 -0.112639 -0.0701317 0.0920139 -0.0799234 0.00598936 -0.0524996 0.0192979 0.126612 -0.0275862 0.122123 -0.0249542 -0.102124 0.0177419 -0.173812 -0.00901814 0.00199321 -0.0280324 -0.0711889 0.124263 0.0520593 0.0483574 -0.0660626 0.0270514 0.11987 -0.0515316 -0.226735
-0.0225859 -0.233338 -0.0346412 0.0738542 -0.0626621 -0.0984856 -0.152098 0.0736557 0.0562964 0.0935602 0.0352526 -0.284657 0.00945781 -0.048793 0.0972026 -0.117772 -0.0567744 0.077062 -0.0183158 -0.0340491 0.156981 0.118388 -0.15024 -0.105786 -0.00675372 0 -0.0281312 0.164554 0.0717423 0.00956064 -0.0322954 0.0807341 0.0955548 0.121958 0.052299 0.0247341 -0.031225 0.0265046 0.227544 0.0141769 -0.0371719 -0.121526 -0.0744927 0.061611 0.0359484 -0.0567771 0.150208 -0.0820446 -0.0917515 0.00784935 0.0254783 -0.119209 -0.053334 0.0568192 -0.0124138 0.149182 -0.0763938 -0.303474 -0.0767648
0.183374 0.0757336 0.177729 -0.0220053 -0.0430082 -0.0157875 -0.0565609 0.0445263 -0.00599036 0.068235 0.076647 0.0650392 0.0926702 -0.112181 0.136019 0.0521539 -0.011996 -0.0613746 -0.134114 -0.00883324 -0.0277888 -0.058328 0.030556 0.0312926 0.0954872 0.159415 0.188338 0.101274 0.0175243 -0.0356046 0.0253328 0.0318461 0.128243 -0.00834457 -0.139208 -0.0548905 -0.022177 -0.0978722 -0.0800991 0.0482675 -0.0471699 -0.0231222 -0.0893988 0.0260044 -0.0137319 0.0138815 -0.054895 0.0151334 0.0732444 0.097445 0.153666 0.0580386 -0.00106211 0.104708 0.0505921 -0.00967805 0.0456981 0.11356 -0.0703623
0.00642454 -0.0903552 0.0140331 -0.0562139 -0.00712555 0.108847 -0.125837 0.0577988 -0.0424696 0.0768113 0.0306218 -0.0798983 -0.0540627 -0.0170685 -0.0844021 -0.168672 -0.0130957 0.0279383 -0.0700931 -0.0461191 -0.128251 0.193239 -0.000390655 -0.016389 0.014255 -0.0858131 -0.00123476 -0.102326 0.0649638 -0.0264597 0.048494 -0.0730067 0.0658085 0.0728537 -0.0859067 -0.0264069 0.0776945 -0.0184708 0.205837 0.00517545 -0.0928163 -0.0634397 -0.0337722 0.138269 0.147359 0.0194975 0.209495 -0.00385952 -0.00988678 -0.0088702 -0.0527449 0.0225135 0.140286 -0.159989 -0.0603425 -0.173752 0.105226 -0.1234 -0.120037
0.0269862 -0.0539626 -0.00653724 0.0823024 -0.0261433 -0.110492 0.0202784 0.109523 -0.0114444 0.100306 0.0648231 -0.0255214 -0.0780919 0.0707894 0.0195985 0.0748259 -0.043413 0.0762109 -0.146775 -0.0105314 0.0750283 0.100112 0.101276 -0.0447006 0.0256766 0.0413414 0.0490375 0.203999 0 -0.15292 0.0238476 -0.0507755 -0.0695957 0.0237058 0.0292901 -0.101439 0.119129 0.0626264 -0.097908 0.089699 0.0896613 -0.0948805 -0.00805939 0.0844757 -0.058409 -0.088169 0.0443357 -0.0493434 0.0659437 -0.00894816 -0.0163588 -0.00725004 0.257994 -0.107791 -0.02469 -0.099218 -0.214378 0.0484638 0.00560822
-0.00825174 -0.0309612 0.0100666 0.0606824 -0.145364 -0.144785 -0.00488556 -0.102211 0.0301063 0.108088 0.197744 -0.127167 0.185223 0.140557 -0.0246348 0.0664585 -0.0550569 0 -0.0319534 -0.00072357 0.0989529 0.0750123 -0.0912853 -0.174503 -0.0245749 0.0428124 -0.0805487 0.115678 -0.000819918 -0.0770332 -0.0785123 0.138223 -0.118731 -0.0914757 0.0339031 0.061632 0.0414213 -0.110936 -0.00172967 -0.0582742 0.131613 0.0761671 0.105233 -0.0245213 -0.058996 -0.0427257 -0.156078 0.0179218 -0.101013 -0.175918 -0.0521775 0.194693 0.0468705 -0.268799 0.0798944 0 -0.0393658 -0.0390382 -0.150375
-0.0243579 0.0837935 -0.0785745 0.0103937 0.00231026 0.0317811 0.127317 0.101314 0.0490959 0.158566 0.121276 0.00487174 -0.0708213 0.0502022 -0.00295002 -0.0578641 -0.0219645 -0.0952009 -0.0447201 0.0369541 0.0547158 0.0447758 -0.163349 0.121599 0.00519595 -0.163267 0 0.0543855 0.0335146 0.0416503 0.00994327 0.10096 -0.0878143 -0.0408068 0.0639765 -0.0564517 -0.0614856 0.165508 -0.0616088 0.0440301 -0.121955 -0.034423 0.260589 0.0425052 0.113987 0.0744645 0.0355929 0.0324977 -0.242732 0.0548493 0.132999 0.12114 -0.161803 0.188952 -0.066726 0.120104 -0.114541 -0.00350503 0.183866
-0.17926 -0.194586 -0.0533921 0.0122989 0.0750618 -0.0342945 -0.0751705 -0.160762 0.0398431 -0.0394998 -0.212542 0.0919648 0.0594446 -0.0437335 0.0336362 0.0786496 -0.140155 -0.0697619 -0.0705441 0 0.0587455 -0.0751124 -0.132594 -0.0456688 0 -0.0117045 0.0406014 -0.00544577 -0.0545215 -0.129197 0.062473 0.0232871 0.133096 0.20958 -0.00459213 0.0456885 0.0260322 0.041784 -0.105823 -0.178774 -0.251086 -0.0571035 -0.011634 0.0258951 0.12643 -0.217707 0.0302327 0.0867791 -0.0238846 -0.112917 0.125746 0.0187046 0.0392011 0.0370164 -0.119585 -0.0143542 0.0366183 -0.0237589 -0.0777465
0.047675 -0.0152336 0.0721596 0.0108414 0.0632766 0.0584509 0.084778 0.00231361 0.0705881 0.0774019 -0.0834282 -0.102404 -0.05991 0.0398347 0.0541194 -0.0250743 0.0832532 0.157075 -0.0940502 -0.103075 -0.0643069 -0.0226643 0.011096 -0.0929185 -0.0251763 -0.00758171 0.287459 0.0736741 -0.28943 0.032345 0.011087 -0.0416208 0.07616 0.03122 -0.115071 0.0433594 -0.0442663 0.0346034 0.0253764 -0.0932043 -0.100982 0.123109 -0.0493197 -0.147693 -0.158769 0.193288 -0.10365 -0.0582933 0.1007 0.0214389 0.0116535 -0.0711134 0.107689 0.240104 -0.00226165 -0.286127 -0.0898551 0.000460751 0.126042
0.0105231 -0.19827 -0.101833 -0.0610336 0.0107408 0.0427612 -0.185944 0.0846664 -0.11145 0.0927144 -0.151668 -0.0393621 -0.0607476 0.0434323 0.148523 -0.0394846 -0.0806482 0.00379341 0.159431 -0.0968273 0.0158393 -0.0155356 -0.153447 0.0111123 -0.143264 -0.0409853 -0.118439 0.0562323 0.0452665 -0.00423241 -0.0206674 -0.0388763 0.0103986 0.107343 -0.0660405 0.150812 -0.041726 -0.132131 0.0257097 0.0243368 0.0686875 -0.190747 -0.0474869 -0.121788 0.0878947 0.0323595 0.0416895 -0.0225467 -0.113517 -0.0177447 -0.0912444 0.083525 -0.088836 -0.07962 -0.0366337 -0.210827 -0.0477927 -0.23043 0.0541724
-0.00619164 0.15838 -0.227782 0.00557939 -0.0332373 -0.0574787 0.0172779 -0.0602792 -0.0133374 -0.120946 0.0811336 0.0256278 0.220466 0.0236839 -0.181939 -0.0485288 -0.00246694 0.0925873 -0.032583 0.048 0.112833 0.0481382 -0.170598 -0.0188197 -0.0943651 0.0139629 -0.0741434 0.0469324 0.0405631 0.038314 0.0549954 0.049698 -0.0316527 -0.130256 0.013656 0.0508106 0.00308841 -0.14463 0 -0.039764 0.0521857 -0.0482578 -0.0708932 -0.0733947 0.0581025 -0.0163505 -0.0504223 -0.00262852 0.0213762 -0.0357876 0.143756 0.088979 0.154852 -0.0541079 -0.0488457 0.158693 0.161075 -0.265929 0.29672
-0.0620838 0.0751024 -0.147787 0.0372372 0.0795609 -0.143859 0.113475 -0.0826764 0.0418741 -0.155979 0.0598216 -0.0765204 -0.095515 0.0327072 0.0350586 -0.0152248 -0.00709193 0.0634051 0.0317635 -0.0232732 0.0179691 0.0472469 0.0947206 0.11531 0.0809007 0.0984043 0.00711846 -0.0417497 0.0592313 -0.0387783 0.123088 0.0492188 0.179562 -0.125045 -0.0300226 0.0470166 0.0468924 0.0557093 -0.0137109 0.0949786 0.0372838 0.121531 0.0590297 0.105795 0.100272 0.00375849 0.118171 -0.00882725 -0.0673987 0.0716305 0.0140735 0.0129734 0.0435538 -0.225223 -0.0308854 0.045198 -0.29965 -0.0638958 0.117525
-0.0115127 0.120223 0.124832 -0.0100112 0.143547 -0.0389182 -0.027473 -0.156399 -0.00830056 0.160948 -0.0484143 -0.029208 -0.0311134 0.0985246 0.0860753 -0.0321502 0.245087 -0.151146 -0.0148646 0.0440975 0.0715842 0 -0.0194997 0.00309655 0.00999815 0.048398 0 -0.0450596 0.0144064 -0.0664534 -0.0484671 0.0887513 0.0332088 0.00644193 0 -0.143102 0.0536663 -0.0592632 0.0403912 -0.0841899 0.0843393 0.0051638 -0.0189706 0.0640941 0.12531 0.0683592 4.26305e-05 0.0529556 0.155724 -0.123812 0.00474225 0.00159083 -0.0787479 -0.115876 -0.00404389 0.149995 0.147992 -0.059849 0.0146465
-0.116182 0.0159048 0.127022 -0.0764455 0.0114826 0.0470682 0.0945993 0.0781636 0.0954968 -0.0184727 -0.0371438 0.0507018 0.0600496 0.0729686 0.161353 0.0233052 -0.193519 -0.0387685 0.0728304 -0.175943 0.0669489 0.0118912 0.181483 0.079671 -0.0400904 0.021094 0.170783 0.0206063 0.0924721 -0.0460043 0.00959401 0.1033 -0.00971285 0.107467 -0.0491711 0.106539 0.0419443 -0.131817 0.136126 0.0733916 0.0544925 -0.103412 0.202879 0.00218584 -0.0487155 0 -0.163385 0.0185116 0.0139575 0.210517 -0.00330516 -0.0403578 -0.0109265 0.0750446 0.0264305 0.0807604 0.0622864 -0.0164829 0.0639336
-0.106959 -0.115222 -0.0281148 0.146654 -0.130777 -0.129944 0.023587 0.118038 -0.0376423 0.0795632 -0.0824164 0 -0.0640537 -0.152944 0.0649144 -0.10573 0.0660203 -0.173691 0.00850119 -0.123333 -0.117042 -0.0714988 -0.120191 0.0785058 -0.0132966 -0.00802175 0.00355691 -0.0135722 -0.0975561 0.12868 0.0164839 -0.157328 0.0837822 0.0282167 -0.0366002 -0.080485 0.0361855 0 -0.000630403 0.160036 -0.0748926 0.0709257 -0.118444 0.134999 0.00565198 -0.0240935 0.0223231 -0.120883 -0.019791 0 0.0654044 -0.106695 -0.0940275 0.024153 -0.0171253 0.0130625 -0.057778 -0.0444031 -0.0357735
-0.0385756 0.0113316 -0.132448 -0.0622044 -0.097867 0.0755064 0.0660302 -0.02688 0.01398 0.00469175 0.13255 0.0238029 -0.0463577 -0.080074 -0.0943337 0 -0.137236 -0.0825068 0.0480812 0.0665821 0.042895 -0.0117691 0.038795 0.101625 -0.0525078 -0.0814041 -0.0496206 0.164614 0.256719 -0.105098 0.0297737 -0.0257769 0.131279 0.0771955 0.0950736 0.0677041 -0.00230676 0.166642 -0.0319627 -0.081793 0.0167074 0.0182834 0.099669 -0.0691649 0.0359588 0.0654982 -0.063828 -0.0557131 -0.0361059 0.0373968 0.0422096 -0.0142779 -0.0146182 0.0028785 0.0057161 -0.120567 0.0133254 0.135007 0.183341
0.0146159 0.0446894 0.113265 -0.0682077 -0.0277821 -0.0668877 -0.0521586 0.0992075 0.0338847 -0.0934089 -0.037606 -0.0794555 0.0159394 0.0895391 0.0177467 -0.187439 0.0223484 0.0641771 -0.068726 0.0088702 0.132222 -0.0367583 0.113817 0 0.0142438 0 -0.0201034 0.0210283 -0.0313032 -0.0582637 0.0809037 0.0091726 0.021968 0.168436 -0.116127 -0.00586834 -0.0592375 0.0483063 -0.132053 -0.00113611 0.248128 -0.140737 -0.109284 0.0957502 -0.083201 -0.104899 0.0851514 0.0128767 -0.0240337 0.0171793 0.00491108 -0.0134913 -0.0279283 -0.0303972 0.0800012 -0.0011762 -0.0336064 0.0763794 -0.0406385
0.0195665 0.128259 0.072374 -0.0232645 -0.0855813 0.0403853 0.119943 -0.0986436 0.041794 -0.0753769 0.124067 0.000101611 -0.0235878 -0.0113147 0.179235 -0.156962 -0.0249051 0.0292969 -0.0201952 -0.105645 -0.0530328 -0.0470725 0.00852903 -0.0802584 -0.0905455 -0.0064194 0.18012 0.008054 -0.0464767 0.0120882 -0.0447489 -0.0568142 -0.0798257 -0.00725683 0.0187569 0.110569 -0.186936 0.0169617 0.0271598 -0.012037 0.014845 -0.0729392 -0.0763274 0.0381813 0.00425109 0.0191852 -0.0707631 -0.100759 -0.0494044 -0.0728702 -0.19914 -0.163723 0.0530319 0.0376302 -0.0870269 -0.0237617 -0.0531958 0.102224 -0.0198272
0.0708233 0.122872 -0.0173242 0.089485 -0.00818658 -0.132323 -0.0586618 -0.052991 0 0.0841423 0.10509 -0.0974042 0.0237144 -0.12118 -0.0403331 0.0903193 -0.124868 0.0145041 0 -0.0669035 -0.0640391 0.0889201 -0.0333125 -0.0679104 0.11599 -0.128384 0.054152 0.225979 -0.0398122 0.049116 0.0394021 -0.0219093 -0.0385035 0.06238 -0.123779 0.0184395 -0.0183009 0.0964116 0.00651798 -0.0469514 -0.00249543 0.0556263 0.0430598 0.110866 0.040252 0.12599 -0.0161802 -0.0717262 0.0063024 -0.12817 -0.0258682 0.105373 -0.115297 0.17946 0.00120337 -0.0149812 0.0502899 -0.146792 0.0148149
-0.00284432 0.0810558 -0.0538739 -0.0774763 0.088778 0.0776748 -0.0542733 0.00232684 0 0.0410295 0.0655134 0.0673718 -0.0531217 0.00383184 -0.142826 -0.154806 0.0520929 0.027727 0.0214043 0.0576571 0.13728 0.0257192 -0.0764642 0.0393176 0.0860162 0.0489156 0.017703 0.00154986 0.0483523 -0.0356835 0.0669394 -0.08246 -0.0369122 -0.0976447 0.0526787 0.0958926 0.0437377 -0.0509626 0.0771215 -0.172152 -0.0483588 0.0634106 0.0742938 -0.0250365 -0.0807942 -0.141595 0.00591961 -0.0296204 -0.0416191 0.0209263 0.0578171 -0.0663356 -0.0104481 0.0576486 -0.117981 -0.0547272 -0.0929199 -0.0720755 -0.0266763
