Proyectos/DeforestationModel/output/irda_score.asc
ncols         300
nrows         300
xllcorner     273000
yllcorner     9.548e+06
cellsize      30
NODATA_value  -9999
[rows 224 to 255 of 300, columns 0 to 71 of 300]
0 0 0.0444181 0 0.265438 0.000757397 0 0.000664309 0 0 0.238435 0.145063 0 0 0.00356307 0 0.019628 0.159425 0.320213 0 0.284509 0.228606 0.0444079 0 0.0912319 0.101769 0 0.0222174 0.0699033 0 0.233506 0.0353699 0.384025 0.0308671 0.0864172 0 0.0418876 0.1656 0 0.301364 0.0493489 0 0.0847835 0.0546616 0.444902 0.0195787 0 0.176159 0 0 0.248798 0 0.0257168 0 0.0255394 0.203583 0 0 0 0 0 0 0 0 0.0269287 0.0184187 0.166537 0.0545701 0 0.0248028 0.0172298 0
0.0724282 0 0 0.313017 0 0 0 0 0.0568387 0.080485 0.0986792 0.0101355 0.0643732 0 0.12887 0.111948 0 0 0.0664464 0 0.235233 0.0555054 0.0489139 0 0 0.103242 0.0063474 0 0.216339 0 0 0.00937161 0.242704 0.187769 0 0 0 0 0.262138 0.189806 0 0.198676 0.0306556 0.173735 0 0 0 0 0.0326677 0 0 0.31844 0.286618 0 0.236636 0 0.0409142 0 0.283986 0.365287 0.242743 0 0 0.215092 0.212229 0.183779 0.00578322 0.0620765 0 0.258158 0 0
0.0698153 0.00587428 0 0 0 0.0587268 0 0.285588 0.106892 0.205742 0 0.0627315 0 0 0 0 0 0.027195 0.000116793 0.0250124 0.0192615 0.22199 0.492513 0.108633 0.0802447 0.242526 0 0.0775529 0.106402 0.301679 0.208769 0 0 0 0.022458 0.204913 0.076623 0.0805646 0.617883 0 0 0.215344 0.0672445 0 0.197004 0.0441434 0.0474992 0.0156181 0.0812236 0 0.000794508 0.141782 0.08358 0.0226757 0.0420253 0 0.190403 0.00574038 0 0 0.0860279 0.145504 0 0 0 0.25954 0.174431 0 0.156006 0 0.223812 0.0652437
0.013322 0 0.154587 0.00187778 0.142 0 0 0.123179 0.283514 0.0315921 0 0.0814452 0 0 0.0921684 0.0137355 0.0214256 0.123459 0.394747 0 0.408571 0.10545 0.070473 0.0121055 0 0 0 0.044581 0.0448369 0.0106463 0.428401 0.117915 0 0.00723407 0.181266 0.202457 0 0.11607 0.0711323 0 0 0.251009 0 0 0 0.191917 0.00825619 0 0 0.227454 0.269743 0.0219722 0.0411271 0.0262486 0 0 0 0.0588637 0.0771381 0 0 0 0 0 0.137555 0 0 0 0 0 0.000592043 0
0.0714598 0 0 0.0601667 0.10908 0.064658 0.00526333 0.0625994 0.113113 0.0390173 0.0299654 0 0.0725699 0 0 0 0.170384 0.0284375 0 0 0.0184186 0.106938 0.0393313 0.137576 0 0 0 0 0 0.286091 0 0 0 0.0281518 0.0110924 0.184161 0 0.0595679 0 0 0.0370677 0.000254776 0 0 0 0 0.0248089 0.0591975 0.0789458 0.0287197 0.0307469 0.0093665 0.387389 0.0399652 0.0486653 0.104126 0.0609958 0 0.00243598 0.193368 0.16246 0.29287 0.119107 0.184468 0.0416822 0 0 0.0206205 0 0.0593558 0 0
0 0 0.0149929 0.298051 0.248416 0.212137 0.132409 0.200919 0.178411 0.0876009 0 0 0.174276 0.0138854 0 0.143573 0 0.0713109 0.223994 0 0 0.247432 0.0820984 0 0.144612 0.0135796 0 0 0 0 0.227272 0.0385855 0 0.114104 0.150097 0 0 0 0.124619 0 0.0801306 0 0 0.146518 0 0.233204 0.131841 0.0352473 0.151581 0.0136305 0.0134786 0.221281 0.0897786 0.0704731 0.211991 0.0471149 0.00130035 0.232181 0.00845243 0.0443369 0.0855006 0.0423668 0.0356215 0.10167 0.202996 0 0.027976 0 0 0.252898 0.119238 0
0 0 0 0.0593672 0.109969 0.147641 0.0648481 0.0618033 0.358032 0 0 0.208019 0.0253144 0 0 0 0 0.0218835 0 0 0.0194191 0.0578201 0.159638 0.0104386 0.18414 0.197701 0.165127 0 0.0415181 0 0.0135149 0 0 0 0 0 0 0.364774 0.0635989 0 0 0 0 0 0 0 0.114435 0 0.0813063 0.225623 0.0236821 0.143749 0.176759 0.102289 0.151847 0.0106054 0.25831 0.242308 0 0.208564 0 0 0.387513 0.041932 0.00123517 0 0 0.0366543 0 0 0.0478254 0.198698
0 0 0.131957 0 0.25199 0.122163 0.195441 0.00750175 0.117041 0 0 0.0151952 0.00187022 0.0705662 0 0.0700728 0 0.115557 0.0886484 0 0.234514 0.249185 0.0271024 0.268301 0.199398 0 0 0.336087 0 0 0.142464 0.184841 0 0.039735 0.0611844 0.217433 0.190994 0.1574 0 0 0 0.190801 0 0 0 0.0127552 0 0.0306109 0 0 0.254606 0.341715 0.0865005 0.12543 0.324136 0.0191505 0 0.00304815 0 0 0 0.0106087 0.0257563 0 0.22051 0.00571621 0.165482 0 0.257588 0.35112 0.0683222 0.0108841
0 0 0 0.045666 0.0336165 0 0.00591159 0.0595137 0.0542902 0.0359209 0 0 0.189986 0 0.195582 0.0173456 0 0 0 0.506401 0.0780923 0 0.0164896 0.14617 0 0.139738 0 0 0 0 0.29411 0 0 0 0.0416872 0.314998 0 0.194917 0 0.153634 0 0 0 0 0.202199 0.155899 0.0384405 0.121758 0 0.061071 0.0188015 0.180844 0.0780886 0.0366705 0.0218199 0.0314547 0.0627726 0 0.242783 0 0 0 0.0547479 0 0 0 0.30526 0.0430159 0.0238702 0 0 0
0.059904 0.088968 0.0415671 0.0882279 0.0113845 0.299844 0 0.0611398 0.0684724 0.0211225 0 0.140683 0.048508 0 0.0672091 0.00741472 0 0 0 0.19733 0 0.359912 0.0698733 0 0 0.457924 0.0152194 0.0817559 0.289597 0.085951 0 0.203165 0 0 0.0317518 0.163646 0.231504 0.220641 0.0428908 0.00020057 0.106811 0.0507184 0 0 0.0171222 0 0.0465073 0.254356 0.00229878 0 0 0.252954 0.116761 0.0858992 0 0.28962 0.0660021 0 0 0.153029 0.112426 0.00741243 0.125434 0 0 0 0 0.231637 0.290863 0 0.163706 0.104998
0 0.134886 0.123985 0.0587779 0.232838 0.0410925 0.0932966 0.356775 0.0397045 0 0.00874559 0 0.0151804 0.130852 0 0 0.0260643 0 0.0578782 0 0 0 0 0.00688287 0 0.0628403 0.0572748 0.114224 0.0665655 0.0552179 0.187221 0 0.277586 0.145428 0.0655659 0 0 0.186306 0.0468429 0.115737 0.0435988 0.0568369 0.22063 0 0 0.198995 0.032157 0.0418165 0.23772 0.192284 0 0.0718755 0.136335 0 0.0259376 0.0708769 0.144208 0 0 0 0.171275 0.139891 0.0138024 0.125305 0.0177186 0.0405185 0 0.0588003 0.0425558 0.146416 0.0546775 0
0 0.0862741 0.186974 0.158803 0.320411 0.12036 0.11703 0.00152468 0.20735 0.160721 0 0.152926 0.0565226 0.125519 0 0 0.413007 0.0225051 0.00437579 0 0 0 0 0.161481 0.131857 0.488036 0.0327298 0.136491 0 0.0583227 0.465165 0 0.0499495 0.193278 0.0147191 0 0 0 0.337871 0.173664 0.104664 0.0503767 0.0925301 0.161997 0 0.069401 0.0136452 0.118192 0.102133 0.108771 0.172702 0.188281 0 0.0927409 0 0.00508033 0 0.374902 0 0 0.0107994 0 0.0489234 0.255302 0 0 0.446661 0.108907 0 0 0 0
0.138194 0 0 0.0207038 0.0879147 0.481699 0.125789 0.231066 0.00389224 0 0.212496 0 0 0 0.0370054 0 0 0 0.307203 0.18606 0.173435 0 0 0.13875 0.0463264 0.339471 0.00153985 0 0.100146 0.0254657 0.00113998 0.147601 0 0.224152 0.0473022 0.102821 0.350681 0.05359 0.318052 0.0111893 0 0.189494 0.115234 0.0839773 0 0.137102 0.0197733 0 0.0292213 0.159265 0.257162 0.0613326 0 0.104352 0.0536642 0.33261 0 0 0 0 0.236693 0.00159291 0.143387 0.355366 0 0 0 0 0 0 0 0
0 0 0.00465597 0.111693 0 0 0.039564 0.0316407 0.0214866 0.000681735 0 0 0 0 0 0 0 0.0668718 0 0 0 0.245207 0.062744 0 0.334643 0 0.0161903 0 0 0 0.131354 0 0 0 0.0524765 0.0692069 0.104841 0.11619 0.0135427 0 0.0336606 0 0.159804 0 0.237951 0 0.0200381 0.155236 0.011409 0.116924 0.0595338 0.0507149 0 0.142158 0.0628946 0.22849 0.0108387 0 0 0 0 0 0.152807 0.0234493 0 0 0.136448 0 0.0134758 0.109604 0 0.0215274
0.0155556 0 0.0162121 0.00327225 0.224705 0 0 0.0205117 0.317801 0.0259282 0.0808289 0.0234896 0 0 0 0 0 0.00580622 0.0387557 0 0 0 0.0322787 0.27948 0.152166 0 0 0 0 0.258628 0.12965 0.0811839 0.0229371 0 0 0.00369044 0.208538 0.265137 0.0225721 0 0.129059 0 0 0 0.033307 0 0.0548196 0 0 0 0 0.195863 0.428151 0.0251655 0.0890304 0.0260672 0.0645909 0.0557921 0.0667357 0 0 0.036091 0 0.067023 0 0.131433 0 0.0814233 0.0293421 0.0160835 0 0.0350678
0.0106789 0.129269 0.0243946 0.303622 0.14586 0.280676 0.0466797 0.057117 0.0636322 0 0 0.113893 0.0323085 0.404319 0.0408049 0.13521 0 0.0199185 0.0381102 0 0.0222922 0.306856 0.483367 0.0214582 0.0208584 0.156036 0.158176 0 0 0.0989107 0.330007 0.360942 0.0909082 0.150329 0 0 0.107373 0.181355 0.207921 0.277874 0 0 0.0961192 0 0.142615 0.240593 0 0 0 0 0.100099 0.0195635 0 0 0.449625 0.365153 0 0 0 0.150956 0.119863 0 0 0 0.268065 0 0.0554599 0.159805 0.257315 0.178832 0.119229 0.00595027
0.0629548 0.0788888 0.0699232 0.0717587 0.320194 0.151567 0.317164 0.00353183 5.02995e-05 0 0.169269 0.211044 0.0960585 0.202177 0 0.0326527 0.0369967 0.0202905 0.362929 0.379524 0.082926 0.0495378 0.103087 0.165507 0 0.29601 0.0312575 0.0968465 0 0.158272 0.156132 0.322164 0.008205 0.0192614 0 0.0883573 0.123021 0.0443549 0.00412024 0 0 0.0438102 0.124269 0 0 0.151427 0 0 0 0.0612152 0 0.0295388 0.0077799 0.0386144 0.108286 0.0509613 0 0 0.200894 0.0179774 0.0102729 0 0 0.175344 0.106615 0.186409 0 0 0 0 0.24141 0
0.107991 0.117484 0.336674 0.0264032 0.0677833 0 0.0569544 0.0569704 0 0.0603139 0 0.154967 0.0970901 0.0774779 0 0 0.407339 0.370512 0 0.189362 0.0626089 0.0258501 0.320267 0.00754442 0 0 0.315991 0.0552115 0.119426 0 0.31615 0.325828 0 0 0 0.0885145 0.179541 0.0400212 0 0 0 0 0 0.151541 0 0 0.0489286 0.124097 0.0193538 0 0 0.111584 0 0 0.081767 0 0.00179845 0.225926 0 0.202042 0.00734746 0.01798 0.0174131 0 0.239419 0.241148 0 0 0 0.18805 0 0.0754533
0.0544285 0.0620946 0 0.0988738 0.0212425 0.0298383 0.168755 0.15958 0.362508 0.0474887 0 0 0.262575 0.18328 0 0.263017 0.0113795 0 0.127907 0.0243547 0.0514138 0.499907 0 0.0910371 0 0 0 0.0901191 0.158936 0 0 0.325155 0 0 0 0.0177276 0 0 0 0 0.0230777 0 0.251556 0 0.225061 0.172576 0 0.0761083 0.0358569 0.0941488 0 0 0.0677197 0 0 0.138472 0.0237779 0.0222579 0 0.0798313 0.0402453 0.114575 0.0454394 0 0.264357 0.104287 0 0.0937193 0.065047 0.218941 0 0.157876
0.0668438 0.10296 0.124776 0.0803511 0 0 0 0.0205896 0.0797437 0.224598 0 0.006658 0.0824394 0.0763371 0.0924591 0 0.0718155 0 0 0.180493 0.0805761 0 0 0.00670237 0.00283775 0.320502 0 0 0.054968 0 0 0.148099 0.153671 0 0 0 0.0517962 0.118156 0 0.0963701 0.0321801 0.0499748 0.00899841 0.278503 0 0 0 0 0.0403597 0.124324 0 0 0 0 0 0 0.0154078 0 0 0.209178 0.338908 0.159381 0 0 0 0.00067432 0.0412293 0 0.0265362 0.000523664 0.232246 0.253285
0.0954003 0.117111 0 0 0.0699938 0 0 0.138319 0 0 0.0689028 0.179754 0.501587 0.0450346 0.23669 0.0218152 0 0.0339413 0.000846445 0.00668398 0.224562 0 0 0 0.0979803 0.178763 0 0 0.212462 0.198407 0.36839 0 0 0 0.231927 0.0115744 0 0.10941 0.033069 0.0701074 0.167945 0.113711 0.0601091 0.121113 0.0120526 0.117797 0.107415 0.0478557 0.173162 0.191855 0.114783 0 0.00517309 0.465138 0.119123 0 0 0 0.210854 0.126236 0.237424 0.109217 0 0.109266 0 0.213001 0 0.0391352 0.215665 0.078566 0 0.102836
0.0665644 0 0 0.013536 0 0.144222 0.0427962 0.0665605 0.0671553 0 0 0 0.196266 0.372365 0 0.0808816 0.437307 0.0585724 0.28198 0.202054 0.120783 0 0 0 0 0.108746 0 0 0.14794 0.00812629 0 0 0.430965 0.147174 0.179018 0.0236059 0 0.00731202 0.0356321 0.0336894 0.16935 0.00529607 0.0168887 0.20722 0.0786552 0.0010689 0.0437037 0.208337 0.218455 0.0198543 0 0 0.0525234 0.0125922 0 0 0 0 0 0 0.0465373 0.264068 0.0418171 0.129493 0.116166 0.0179675 0 0 0 0.0106858 0 0.0798805
0.242107 0 0 0 0.0801439 0 0.0146854 0.391658 0.0442023 0.517069 0 0 0 0 0.0938756 0.0344035 0 0.10439 0.0271179 0.027746 0 0.0425069 0 0.193634 0 0.0380511 0 0.10419 0.125811 0.136422 0.0837979 0.0190477 0.381467 0.274896 0.134825 0 0 0 0.0731616 0.223905 0.114082 0 0 0.183518 0.125179 0.13241 0.103127 0.279124 0.0408157 0.0570112 0.0273537 0 0.128533 0 0.112914 0.0955315 0.279109 0 0 0 0.0987491 0.307875 0 0 0.289153 0 0.149878 0.0428822 0 0.0411285 0 0
0.00328764 0.142387 0 0.331962 0 0.177406 0 0 0 0 0 0 0 0.0633401 0 0.0865736 0.195163 0.120646 0.00887331 0.080194 0.000418433 0 0 0.0818735 0.0412373 0.211995 0.00495126 0 0 0 0.0175054 0.0779925 0.283246 0.096501 0 0 0.087005 0.17623 0 0 0 0.0939491 0.0176395 0 0.0824292 0 0.065982 0.0731031 0 0.0245129 0.155243 0 0 0.310569 0 0.00547176 0 0 0 0.157191 0.158246 0.046079 0.0115682 0.0226942 0.0428752 0.0630384 0 0 0 0 0.0954975 0.251342
0 0.0127311 0.0195444 0 0.0292683 0.0352554 0.0626926 0 0 0.219788 0.125997 0 0.0257169 0.0555053 0 0.0491111 0.131749 0.119102 0 0.064864 0.0201226 0.183938 0.0288249 0.140024 0 0.0745541 0.119754 0 0.383896 0 0.11204 0.081207 0.264619 0.12662 0 0 0.0765257 0.0791931 0.0327486 0 0 0 0 0 0 0 0 0 0.109886 0.0370652 0.0181832 0.433046 0 0.00369833 0.0417513 0.0403468 0 0 0 0.0231429 0.0376959 0.052256 0.0244295 0.0811846 0.144445 0.205678 0.100826 0 0.0464605 0.168534 0.0705736 0.250048
0 0.0285027 0.0677512 0 0 0.414797 0 0 0 0 0.217747 0 0 0 0.0722382 0.0665985 0.00754388 0.0351595 0.16314 0.179802 0.000570443 0.159736 0.108346 0.0114167 0 0.00343952 0.00582423 0 0.00681264 0.0490863 0.310544 0.0080935 0.0472862 0 0.128075 0.360576 0 0.235916 0.0456109 0.193709 0.0885606 0 0 0 0 0 0 0.0742586 0.0974248 0.0766845 0.19334 0.00232557 0.138319 0.00872828 0.203666 0.0076793 0 0 0.0869903 0.0241947 0.0870607 0.206225 0.00979455 0 0.00326914 0.219396 0 0 0.104855 0.0654766 0.108991 0.200091
0 0 0.212221 0.0782382 0 0 0.151742 0.20108 0 0.124894 0 0.0517073 0 0.101992 0.0275653 0.0368197 0.119536 0.262564 0.132087 0 0.0765907 0.0738424 0 1.09776e-07 0.138004 0.238321 0.152751 0.100161 0 0 0.0322824 0.354195 0.0143574 0.0037227 0 0 0.00459172 0.246857 0 0.101597 0.155226 0.118704 0.187504 0.121834 0.00176971 0.263023 0.0978737 0.0812146 0.0596024 0.352398 0.0364241 0 0 0 0.146024 0.00608506 0.00501083 0 0.055764 0.0259493 0 0.0137759 0 0 0 0 0 0 0.126213 0.193781 0.0483502 0.177284
0 0 0 0 0.034491 0.0763045 0.0462309 0.0893016 0 0.164964 0 0 0 0.0243469 0.0668783 0.148723 0.0845659 0.0187135 0.0171297 0.203551 0.0174275 0.068274 0 0.0888182 0.28229 0.112277 0.0675705 0.022524 0 0 0.0159121 0.362826 0.469915 0.116609 0.0128258 0.00188337 0.193917 0 0.0434938 0 0.132036 0.0551975 0.155678 0.0286027 0 0 0 0.141446 0.0067546 0 0.0632212 0 0 0 0 0 0 0.0549145 0 0.24019 0 0.116142 0.153373 0 0 0 0 0 0.152721 0.0688815 0.00758612 0.00216805
0 0 0 0.0548412 0 0 0 0.12972 0.0325732 0 0.090062 0 0.0640831 0 0.269829 0.0984471 0.0465746 0.226663 0.0384333 0.340295 0.25675 0 0.0714762 0.143341 0.0963224 0.159066 0.136264 0.000300472 0.153168 0 0.0686168 0.346514 0.109383 0.364486 0.214205 0.106593 0.149308 0 0 0 0 0.127241 0.0265902 0.145051 0 0 0 0.0566692 0.10842 0 0 0.0734148 0 0.00741913 0.276146 0 0 0.0446769 0.117644 0.0397951 0 0.00327814 0.116419 0.0942958 0 0 0 0.298418 0 0.0307058 0.189906 0
0 0 0.0954413 0.050836 0.388205 0 0 0 0.185942 0 0 0.155597 0.0408341 0.12242 0.025777 0.0786309 0.051229 0.103331 0 0.019301 0.0669104 0 0.138892 0.0264789 0.120903 0.230736 0.0349286 0.101597 0 0 0.108191 0 0.128275 0.0204668 0.122214 0.0381722 0.0231623 0 0 0 0.0890879 0.0169439 0.174422 0.0325061 0.00672163 0.0905454 0.0318069 0.0830055 0.124088 0 0.1283 0.0948429 0.154807 0 0 4.09719e-05 0 0 0.0461862 0 0.249423 0.0481375 0 0.197772 0.0163872 0 0.125473 0 0.13859 0 0.38864 0.00810063
0 0.106945 0.266849 0.395792 0.229568 0.0943239 0 0 0 0 0.0733068 0.0413826 0 0 0 0 0.0114823 0.220663 0 0.145732 0.188822 0 0.184071 0.206763 0 0.167117 0.177625 0.230339 0.00145933 0.211239 0 0 0 0.00472311 0.307025 0.0910891 0 0.0644263 0 0.0835957 0 0 0.0127351 0.336047 0 0 0 0.0118728 0 0 0.23748 0.137582 0 0.127949 0 0.000567121 0.200806 0 0 0 0.0299737 0 0.0070669 0.189224 0.156245 0 0.406967 0 0 0.0215189 0.113106 0.338816
0.279792 0.0284372 0.061018 0.0293741 0.0811947 0 0 0.0732592 0 0 0 0.0959824 0 0 0.0454359 0 0 0.00400382 0.0348177 0.0946878 0 0.0171617 0.0867834 0.128244 0.00532848 0.0413887 0.141543 0.0132511 0.0266131 0 0 0.0656086 0 0.413599 0.25563 0.0816979 0.0440671 0.425825 0.0887866 0 0.255648 0 0.130294 0 0 0.0823034 0.138598 0.0268895 0.0611159 0.200631 0.0110785 0.00966389 0.0415139 0 0 0.0304136 0 0.11652 0 0.275619 0.0923022 0 0 0.29652 0.0402963 0.00932567 0 0 0.159511 0.107408 0.0603959 0.0531568
