Proyectos/DeforestationModel/output/irda_score.asc
ncols         300
nrows         300
xllcorner     273000
yllcorner     9.548e+06
cellsize      30
NODATA_value  -9999
[rows 128 to 159 of 300, columns 72 to 143 of 300]
0 0 0 0 0 0.0787418 0.00123252 0.0126009 0.128444 0 0 0.100244 0 0.0718502 0 0 0 0.00136432 0.00309494 0.0173695 0 0 0 0.122345 0 0.0517623 0 0.0958366 0.0106125 0 0.184428 0 0 0 0.150312 0 0.292523 0 0 0 0 0 0 0.0198327 0.122982 0.172927 0.18505 0.0517429 0.0469092 0.215992 0.0143656 0 0.269611 0.194385 0.0182824 0.0953542 0.00430518 0.0124695 0 0 0.317728 0.0401785 0 0.0454044 0.0485084 0.0736723 0.0252251 0 0.0125938 0 0.283504 0.0976667
0 0 0 0 0.439468 0.098177 0.0492734 0.267965 0.0736821 0 0.216507 0.133328 0 0 0 0.256335 0.187965 0.129188 0 0 0.193361 0 0 0.0821939 0.0288698 0.0105704 0 0 0 0 0 0 0 0 0 0 0 0.238061 0 0 0 0.229005 0 0 0.00537757 0 0.0509153 0.12624 0.15225 0.169423 0.147148 0.00486822 0 0.0137724 0.00657863 0 0.141888 0.157317 0 0 0.0206399 0 0 0 0.2087 0 0 0.0769102 0 0.0789217 0 0.0864172
0 0.0284468 0 0.096391 0.121732 0.222717 0.0908424 0.219007 0.197947 0.0850611 0.0169057 0.144763 0 0.195901 0.29269 0.036306 0 0.0828827 0 0.21604 0.204201 0.00852078 0 0 0 0.320874 0 0.0147482 0.0700955 0 0.0194707 0.260611 0.271002 0.0922033 0.0897163 0.197466 0 0 0 0.108748 0.0413852 0.0488403 0 0 0 0.113732 0.123616 0.0140079 0.0588404 0.0787647 0.0593153 0.207215 0.108048 0 0.0618621 0.0604688 0.00679389 0.0749132 0.26185 0 0 0.131878 0.169479 0 0 0.0189782 0 0.0439713 0.0257685 0.0227719 0.0793461 0.04774
0 0 0.0343364 0.0867432 0.0540013 0.0376634 0.0258213 0.0211048 0.0965183 0.0273522 0.297889 0 0 0 0.0231404 0.0195059 0.239335 0 0 0.101764 0.0546816 0.00276003 0.0616306 0 0.268889 0.187559 0.00600372 0.0594126 0 0 0.387284 0.296905 0.0601903 0.0829459 0.530112 0.0317951 0.22203 0.131624 0 0 0.137553 0 0 0 0 0.0634812 0 0 0.0409581 0.142879 0.0562236 0 0 0 0.0182948 0 0 0.0953612 0 0 0.0815544 0 0 0 0.0495763 0.26554 0.433767 0.155497 0.0943955 0.00238447 0.188365 0.00358888
0.175661 0 0.26259 0.332009 0.0754454 0.305362 0.0465664 0 0.103387 0.0281275 0 0 0.197442 0 0.117172 0.17015 0 0.060048 0.0268501 0.24851 0.169887 0 0.0931192 0 0 0 0.0104291 0.19399 0 0 0 0.0086389 0.00299674 0 0.28138 0.265836 0 0.222588 0.0836979 0 0 0.17453 0.0220587 0.024509 0 0 0.104356 0 0.0686339 0.0885287 0.0886128 0 0 0.0242556 0 0.0464954 0.00590351 0 0.10481 0 0 0 0.075853 0 0.0569363 0.0759277 0.208468 0.0577274 0.0216593 0 0 0.0052875
0.0543087 0 0.226373 0.10704 0.0381987 0.243801 0 0 0 0.0146844 0.0820573 0.336571 0.0752257 0 0.180412 0 0 0 0 0.0602829 0.215885 0 0 0 0 0.427958 0 0.192676 0.304035 0.0574246 0 0.104309 0.139341 0 0 0 0 0 0.121206 0.0293344 0 0.223462 0.0892775 0.0919403 0.134843 0.101682 0.0448736 0 0 0.158648 0 0 0 0.123249 0 0.209721 0.205177 0.0465211 0.0310452 0 0.132419 0 0 0.0837026 0.014194 0.0720345 0 0.235176 0.0999042 0 0.108138 0.0177782
0.214572 0.00897252 0.0398493 0 0 0.0435042 0.199762 0 0.348789 0.126576 0 0.0486143 0.180465 0.0040634 0 0.130428 0.230538 0 0.266205 0.0172934 0 0 0 0.0882144 0 0 0.16347 0 0 0 0 0.423283 0.201945 0.297645 0.216661 0.1984 0 0.00126925 0.336135 0.158956 0 0 0.00199928 0.153764 0.023644 0 0.0107748 0.0584644 0 0 0.12808 0.175283 0 0 0.0185352 0.144802 0.10041 0.0541737 0.166156 0.0512022 0.00880403 0.0589616 0.0303851 0.107768 0.0202536 0.123774 0 0 0.0917213 0 0.0291573 0.0670126
0.10178 0 0.0776393 0.00429416 0.0516389 0.184528 0.0152643 0 0.112411 0.00111005 0.241904 0.041846 0.078686 0.105449 0.0175975 0.256652 0 0 0.334234 0.274636 0 0 0 0.213959 0.38528 0 0 0 0 0.149531 0 0 0.390177 0.0854063 0.298165 0.33064 0.00663969 0 0.0288339 0 0 0 0 0 0.0720168 0.01785 0.0631273 0.139013 0.173243 0 0.0393459 0.142913 0.011995 0 0.125353 0.207884 0.23132 0.0523289 0.170232 0.272363 0.214328 0.0165489 0.105396 0.166688 0.00332705 0 0.139546 0 0 0.0773699 0.134931 0.336807
0.08544 0.114881 0.11622 0.00187136 0.0962062 0.118035 0.128574 0 0 0.0389966 0 0.0175383 0.478851 0.102803 0.207071 0.21098 0 0.0717685 0.0559601 0 0.0560565 0.313048 0.166555 0 0 0 0 0.16453 0.189521 0 0 0 0 0.0811669 0.404038 0.263901 0.0148698 0.182818 0 0 0 0.227183 0 0 0.0761669 0.0657327 0.122575 0.00260918 0.00601422 0.0467025 0.0588638 0.109931 0.0366108 0.20016 0.077107 0.151492 0.00465069 0.11193 0 0 0 0 0.115547 0.23887 0.15132 0 0 0.221383 0 0 0.092935 0.310297
0.139331 0.234651 0 0 0.184755 0.0898276 0.00629198 0.42885 0 0 0 0 0 0 0 0.157126 0.0462864 0.309202 0.169828 0.0130116 0.0239356 0.155789 0.0302603 0.237227 0.225385 0 0 0 0.165527 0.433918 0.189548 0 0 0 0.291438 0.0413754 0.189718 0.0492775 0 0 0.0662302 0.0877373 0 0.00873444 0 0 0 0.145801 0 0.196082 0.0428764 0.0580737 0.0144965 0.0560449 0.18493 0 0 0.151043 0 0 0.00338555 0 0.244944 0.419716 0.0204851 0.0207397 0 0 0.232869 0.00851808 0.00275306 0.0031599
0 0 0.046529 0 0 0.109577 0.0643808 0.151949 0 0 0 0.0148617 0.0231269 0.212253 0 0 0.318023 0 0.0211587 0.0391198 0.419211 0.0160051 0.21132 0.0859092 0 0.0149065 0.0516911 0 0.15217 0.0988328 0.00907069 0 0 0 0 0 0 0.00620876 0 0 0.261061 0.00777915 0.0463011 0 0 0.0173232 0 0.116098 0.121495 0 0.373471 0 0.09639 0.0386868 0.0837406 0 0.196279 0 0 0 0 0.0870447 0.0316755 0.1004 0.0844265 0 0.198084 0.168516 0.0728821 0.215187 0 0.138533
0 0.000226829 0 0 0 0.0575797 0.34912 0 0 0.14646 0.00281589 0 0.000895547 0 0 0 0 0.0803312 0 0.198542 0.0888609 0.280391 0.0223676 0.0989988 0 0 0.085466 0.0910856 0.0566671 0.214001 0.254054 0.0896297 0 0 0.21413 0.0117995 0 0 0 0.0758678 0 0.0293944 0.0865368 0 0.161565 0.00941269 0.183994 0 0 0.023902 0.0093183 0.0468447 0.0107418 0.0536493 0.129963 0.136528 0 0 0.0760327 0 0 0.157526 0.0578655 0.326243 0.115512 0 0 0.0600454 0 0.0414497 0 0
0 0.104597 0.259427 0 0 0 0.229892 0 0 0.035408 0.0347248 0.278857 0 0 0 0.223411 0.0659753 0.0906481 0.155061 0.0860442 0.0138723 0.0997957 0.0316638 0.151652 0 0.0285311 0 0.157036 0.0122995 0 0.00468023 0.003007 0 0.0813176 0 0.029775 0 0 0 0.0998583 0.0523651 0.330076 0 0.121816 0 0 0.00290506 0.0605773 0 0 0.375346 0.134181 0.112394 0.0306628 0.00725535 0.145078 0 0 0 0 0.106791 0.262853 0.0162895 0.141038 0 0 0 0 0 0 0 0.00963108
0 0.0391399 0.129919 0 0 0 0 0 0 0 0.384939 0.149931 0.0301833 0.231196 0.0315807 0 0.00981683 0.169413 0.0809041 0.0290475 0.0907347 0.0215599 0.0220887 0 0.201202 0 0.228589 0.0943476 0.0732906 0 0 0.239939 0.0306914 0 0 0 0.353702 0.00440391 0 0 0 0.00516789 0 0 0 0 0.154084 0.00231751 0 0 0.126978 0.0127498 0.324457 0.321944 0 0 0 0 0 0.0856484 0.112755 0 0 0 0.224369 0.0965384 0.03663 0 0 0 0.0840409 0
0.117334 0.0333605 0.102668 0 0 0 0 0.468974 0.034046 0.120067 0 0.546945 0.190475 0.338961 0.00821917 0 0 0.163735 0.252716 0 0.399882 0.100052 0 0.133776 0.0438481 0.200938 0.10481 0.289211 0.0376057 0.00952517 0.175014 0 0 0 0 0.098409 0.0765772 0 0 0 0.134705 0.339269 0.0210297 0 0 0 0.011534 0.262615 0.0680584 0 0 0 0 0.00607951 0 0.0615855 0 0.0238665 0.039984 0.222686 0.0762581 0.157333 0 0.138639 0 0 0.0899043 0 0.0923776 0.174527 0 0
0.0113983 0.424494 0 0 0.17024 0 0 0.0537455 0.115854 0.315046 0.2766 0 0.00806056 0 0 0.0964688 0 0.0701052 0.0286937 0.0803951 0 0 0 0.0491165 0 0.0463138 0.422229 0.0359293 0.14414 0.205517 0 0 0 0.123428 0.0758254 0.079768 0.128309 0 0.0346352 0.133102 0.000159783 0.0456855 0.135221 0.114613 0 0 0.246217 0 0.145032 0 0 0 0 0 0 0 0.226453 0.185271 0.112444 0 0.021758 0.0382831 0.0282023 0 0 0 0 0 0 0 0 0
0.0728159 0 0.0240576 0.051619 0 0.0373499 0.173367 0.26323 0.0108187 0.034459 0.0292642 0.135504 0.149981 0 0.00876625 0 0.405 0 0.226833 0.13648 0.206123 0 0.066058 0 0.00254974 0 0.0635471 0 0 0 0.0775831 0.296495 0.0385208 0 0.0109135 0.130576 0.0162248 0.062914 0 0 0.125385 0 0 0.0175136 0 0.153779 0.243633 0.13523 0 0 0 0.0910585 0.1717 0.100909 0 0 0 0 0.149092 0 0 0 0.0453066 0 0 0 0 0 0 0.218214 0.0704884 0.194929
0 0.197955 0.152726 0.0468966 0.064316 0 0.279208 0.385956 0.298213 0.0194342 0.499708 0.221202 0.115675 0.275591 0.0526514 0.463836 0.0917862 0.442991 0 0 0.0710962 0.0296363 0 0 0.0447347 0 0 0 0.00947667 0.158035 0.100952 0.27764 0.0885359 0 0 0 0.0255771 0.258608 0.0373579 0.078113 0 0 0 0 0 0.00528771 0.0889288 0.0271437 0.254466 0.114333 0 0.0496546 0.133126 0.0120634 0 0 0 0 0 0.272907 0.169026 0 0.0972297 0 0 0 0 0.234087 0.0183364 0.280169 0 0.00843061
0.110747 0 0.00671182 0.514861 0.0271079 0 0.0810135 0.0446856 0.138805 0.14571 0.102301 0.198901 0.109741 0.200587 0.0898649 0.23124 0.067827 0.201536 0.00611157 0 0 0 0.0250082 0.0699895 0.120822 0.111166 0.0860645 0 0 0.0038418 0 0 0 0.0624445 0.0190774 0 0.0384981 0 0.0769798 0 0 0 0.111745 0.128855 0 0.0400135 0 0.312099 0.0341386 0 0.111413 0.0944255 0.00170525 0.0268415 0.11187 0 0.0261964 0.0696124 0.2704 0 0 0.0463606 0.281162 0 0 0.142771 0.00520537 0 0 0 0.259654 0.130032
0.00957124 0.0540322 0.0997531 0.0237952 0.100647 0.353994 0.160752 0.132075 0.097138 0.38443 0.104568 0.262217 0.0823353 0.136036 0.044963 0.0205904 0.290228 0.200951 0 0.00202549 0.105728 0 0.393489 0 0.0788331 0.0144933 0 0.0739877 0.162573 0 0.294699 0 0.075339 0 0 0 0.0728244 0.0135158 0 0.039528 0 0.150702 0.00224187 0 0 0 0 0 0.0919748 0 0 0 0.0756515 0.18938 0 0 0 0.0497902 0.338797 0.0145702 0.0174814 0.109531 0 0.177107 0 0 0.0930964 0.165029 0 0.0415846 0 0.0621048
0.204521 0.0431123 0.139043 0.011863 0.0243872 0.0899658 0.0969621 0.0734958 0.0535527 0.29703 0.25948 0.0938316 0.482094 0.130033 0.0139602 0.115679 0.0634049 0.0233006 0.149532 0 0 0.31855 0 0.354564 0.056654 0.0361917 0.16051 0.156825 0 0 0.473886 0.0820761 0.104279 0.137764 0 0 0.0335371 0.346024 0.0536133 0 0.0605399 0.13485 0 0.0461159 0 0 0 0.023945 0 0.140491 0 0.125165 0.0937246 0.174365 0.111795 0 0 0.0673984 0 0.117479 0 0 0 0 0 0.0170873 0.211691 0.0436176 0.0890702 0 0 0.174821
0.102745 0 0 0 0.287067 0.0788581 0.504554 0.105874 0.213817 0.14651 0.263619 0.160711 0.0575151 0.058073 0.326597 0.247738 0.0100067 0.121085 0 0.097432 0.218778 0.0915556 0.290812 0 0.00523176 0.057715 0.21166 0 0 0 0.293222 0.00770902 0.295707 0.0415504 0.0942812 0.0172561 0.379141 0.187117 0 0 0.0372692 0 0.0663757 0 0 0 0.193501 0 0.137099 0.192291 0 0 0.121059 0 0.131267 0.196187 0 0 0 0 0 0.0708402 0 0.0616404 0 0 0.0256849 0.0935096 0.13656 0.00620174 0.0330884 0.134493
0.112423 0 0 0.0646592 0 0.155353 0.218636 0.470392 0.170466 0.315944 0.449233 0.0947114 0.0805854 0.133069 0.115458 0.065676 0.397625 0.0888008 0 0 0.0298788 0.372838 0.00555508 0.202096 0 0 0.108764 0.241682 0 0 0.380617 0 0 0 0.0153048 0.305484 0.0721938 0.0880492 0.0535123 0 0 0.106188 0.218601 0.371947 0 0 0.0134376 0.139641 0 0.00545034 0.209506 0.0203316 0.0760077 0.0102996 0.125562 0 0 0 0 0.0473366 0.08495 0 0.0319988 0.248173 0.284483 0 0.149741 0.223475 0.3397 0.0529509 0.23184 0.0811117
0.0467291 0.196525 0 0 0.0147672 0.321045 0.166088 0.117635 0.185084 0.342555 0.19924 0.319363 0.442709 0.247361 0.100849 0.085772 0 0.015206 0 0 0.299954 0 0 0.0543224 0.0939731 0.00916375 0.0863758 0.0864024 0.159364 0.254414 0.0197557 0.34662 0 0 0.130984 0 0.218536 0.18332 0.14009 0.186547 0.0534211 0 0.0173923 0.257079 0 0 0.0598905 0.144219 0.240521 0 0.0141046 0.126298 0.0730125 0.0821029 0.0459902 0.0167376 0.02523 0 0 0.253896 0 0.0906153 0 0.296101 0.0463222 0.0183759 0 0 0.0188749 0.0154311 0.0686887 0
0.0409457 0 0 0.173407 0.342285 0.181097 0.163755 0.17932 0.294295 0.189164 0.143768 0.107166 0.118537 0.146892 0.186655 0.155844 0.144517 0.0840398 0.215018 0 0 0 0 0.104858 0.089294 0.0395411 0.0885316 0.329617 0.0952753 0.105582 0.122928 0 0.0542013 0 0 0.0530028 0.201028 0.231944 0.0572286 0.145937 0.0397301 0 0 0 0.0235869 0.329385 0.0270269 0.183778 0.131357 0 0 0.0859746 0.0622839 0.269542 0.150683 0.286103 0.0296658 0.029378 0.144157 0.00872167 0.222175 0 0.16756 0.0377571 0.105704 0.0450361 0.182189 0.0872337 0 0.018645 0 0
0 0.0797026 0 0.107032 0.479489 0.198493 0.534635 0.252406 0.295644 0.169653 0.131134 0.115592 0.17972 0.46072 0.191341 0.110559 0.165981 0.107387 0.0765246 0.146724 0.329508 0 0 0 0 0.299153 0 0.179717 0.220304 0.0508267 0 0 0 0 0 0.177183 0.115617 0 0 0 0 0 0.22831 0.0936424 0.0821307 0.0231714 0.0236909 0.109979 0.214111 0.0024252 0.0352523 0.0205809 0.0125351 0.105613 0.164329 0.0767314 0.119554 0.040584 0.260433 0.0459901 0.0489074 0.163994 0.146263 0 0 0.296173 0.0828218 0 0 0.0958163 0 0
0.214639 0.0206177 0 0.204454 0.0914443 0.0768493 0.0613274 0.0950445 0.127146 0.157566 0.220445 0.242307 0.518786 0.266581 0.146343 0.524091 0.0713984 0.0280561 0.0862882 0 0.00738211 0.0527638 0 0 0 0.0948604 0 0 0.033679 0.100323 0.218498 0 0 0 0.375195 0 0 0 0.0655336 0.19675 0.0444202 0.0414324 0.177129 0.32756 0.0706405 0.0538374 0.191546 0.104653 0.024296 0 0.176184 0 0.190455 0.150568 0.227545 0.0584581 0.176674 0.00500411 0 0 0.257247 0.285858 0.0550375 0 0 0.0496487 0.196956 0.174036 0 0.0173157 0.242573 0
0.244088 0.16442 0.0531728 0.00233723 0.179724 0.0314654 0.186049 0.141888 0.246015 0.302073 0.274506 0.24743 0.235919 0.244139 0.40351 0.189633 0.227117 0.236724 0 0.00222176 0.11098 0.106504 0 0 0.133395 0 0 0.0164608 0 0 0 0 0.0467291 0 0 0 0 0.277987 0.0153994 0.208414 0.121587 0.334787 0.0482495 0.0693917 0.013753 0 0 0 0.160698 0 0 0.154016 0.0650014 0.134207 0.0737742 0.0506042 0.11357 0.234504 0 0.0641291 0.136371 0.0266168 0.00847318 0.0898601 0 0.0417653 0.269689 0.0317241 0.330485 0.0613933 0 0.0733821
0.0567328 0.239677 0.0829459 0.0676285 0.0225766 0.0886589 0.143506 0.198692 0.49609 0.617527 0.746404 0.312432 0.243689 0.298949 0.287777 0.128505 0.0714445 0.106675 0.0807506 0.00811416 0.278083 0.0322512 0.211859 0.179748 0.0620222 0 0 0 0.257401 0.150598 0 0.0845095 0.0497036 0.105445 0.253469 0.243999 0.0260398 0 0.0228086 0.211567 0.129014 0.0442993 0.125644 0.139778 0 0 0 0 0.120993 0 0 0 0 0.184712 0.0308157 0.0415898 0.202458 0.0792727 0.0658878 0.0706662 0.134928 0.0387322 0.0890419 0.174609 0 0.181538 0.0498104 0.0364559 0.005042 0.042788 0.220215 0
0.033446 0.137749 0.0513797 0.0914791 0.10181 0.0799366 0.105277 0.49873 0.393103 0.422586 0.303001 0.472875 0.444536 0.297593 0.4172 0.0845065 0.342364 0.019428 0 0.137051 0 0.0544715 0 0.188599 0.0170097 0.239449 0 0 0 0 0 0 0.142877 0.188169 0 0.0804909 0.495926 0 0 0.261865 0.0377563 0.0804598 0.345737 0.113031 0 0 0 0.146617 0 0.237696 0.15143 0.0271928 0 0.247173 0.0516625 0.0821657 0.214027 0.252524 0.17957 0.0858759 0.19318 0.416139 0.147702 0.193278 0.0126237 0.0283846 0.0336107 0.105107 0.113882 0.0461207 0.128893 0.144053
0 0 0.273132 0.0696222 0.0983341 0.380205 0.131879 0.155518 0.408562 0.648133 0.422055 0.402328 0.439167 0.475142 0.157909 0.0802673 0.0414754 0 0 0 0 0 0 0 0.0404956 0.0510584 0.203775 0 0.0177622 0 0 0.0890307 0.241815 0.202839 0 0.0464854 0.0236449 0 0 0 0 0 0 0.0678505 0.386395 0.0829152 0 0.285613 0 0.0937129 0.0614928 0 0 0.0131306 0.0319884 0.23705 0.28041 0.06035 0.0418552 0.180462 0.103363 0.0864519 0.178173 0.0543565 0.0103701 0.141595 0.363007 0.160108 0.254132 0 0 0.0122596
0 0.0444673 0.0234424 0.264389 0.128441 0.396716 0.143793 0.0944774 0.245056 0.430228 0.457925 0.703389 0.767981 0.297952 0.586138 0.148429 0.0168899 0.299951 0.0143386 0 0.0954031 0 0 0 0.18043 0.256544 0.0794049 0 0 0 0 0 0.00281736 0 0.201041 0.0152854 0 0.063509 0 0 0 0 0.0379378 0 0.0560791 0.102447 0.00269843 0 0.248004 0.101575 0.345743 0.0247351 0 0.0183672 0.249586 0.0159864 0 0 0 0.0758948 0.0867482 0.051448 0.157339 0.0168307 0.104454 0.0186359 0.0331235 0.0401419 0.00180905 0 0 0.129249
