Proyectos/DeforestationModel/output/irda_score.asc
ncols         300
nrows         300
xllcorner     273000
yllcorner     9.548e+06
cellsize      30
NODATA_value  -9999
[rows 96 to 127 of 300, columns 72 to 143 of 300]
0.0388779 0.00432973 0 0 0 0.0726692 0 0.0142071 0.0656001 0.0863719 0 0 0 0 0 0 0.173938 0.0453287 0 0 0 0.159275 0.154464 0 0 0.143019 0 0 0.0260401 0 0 0 0.117718 0.0190327 0.170918 0.20365 0.22374 0.202259 0.155846 0.00339831 0.00153768 0.049853 0 0.12249 0.0274233 0.25061 0 0 0 0 0 0.168961 0 0 0 0 0.0346934 0.132802 0.00463942 0.161892 0.180536 0 0.335158 0.0594979 0.0504967 0.291588 0 0 0.0408773 0 0 0
0 0 0.185217 0 0 0 0 0 0.0711488 0.0102811 0.193677 0.0312176 0.127099 0.0323401 0 0.12714 0.0589755 0.101571 0 0 0 0.0598985 0.024312 0 0 0 0.0865758 0.143791 0 0.243017 0.00328392 0.241979 0.214571 0.183995 0.0124787 0.0687109 0.00837987 0.0824557 0.177602 0.0525062 0.0779015 0 0.0177174 0 0 0 0.0502726 0.287826 0.127888 0.0463062 0.0709009 0.0182768 0 0 0 0 0.124689 0.0208213 0 0.341267 0 0.0270785 0.0935823 0.302049 0.10301 0 0 0 0.039665 0 0 0.265229
0.0647542 0 0.0429743 0.171166 0 0 0.229262 0 0.0664749 0.0133341 0 0.10534 0.129334 0.0764594 0.0967295 0 0 0.135828 0.00905422 0 0 0 0 0.187644 0 0 0.138029 0 0.011106 0.184504 0 0.229258 0.136887 0.0798477 0.14067 0 0.00972807 0.116203 0.166654 0.15482 0.0734161 0.0464248 0.170034 0.468706 0.071258 0.0769411 0.171906 0.168557 0.0656184 0.0642503 0.016781 0 0 0 0 0 0.218459 0 0 0 0 0 0.0445637 0.0896533 0 0 0.11862 0 0 0 0 0
0.154086 0.021217 0 0.0147895 0.0514373 0.00312043 0.0180193 0.0295093 0.0485495 0.0267496 0 0 0.00336614 0.0399158 0.156917 0.114488 0 0.00132619 0 0 0 0 0 0 0.145256 0 0 0.051839 0 0 0.225086 0 0.0277935 0.057758 0.240308 0 0.290407 0.197306 0.132539 0.0923026 0 0 0.206186 0.0764607 0.0442343 0.0434214 0.15734 0.143331 0.174378 0.0501796 0 0.235254 0 0 0 0 0.22201 0.190878 0 0.211409 0.270566 0 0 0.0734597 0.110195 0 0 0.000784642 0 0.0474216 0.224124 0.0101159
0.219004 0.0363741 0 0 0 0.149363 0.0488206 0.104411 0.185954 0.0285941 0.217261 0.0642698 0 0 0.0752774 0.11063 0 0 0 0 0 0 0.00593716 0.127147 0 0.0382639 0 0.0368043 0 0 0 0.0420455 0.215469 0.0264383 0 0.00742503 0.117658 0.248804 0 0 0 0 0 0.00611934 0.0677785 0.0106947 0.0709041 0.0391082 0.208815 0.099567 0 0 0.312078 0.203422 0 0.0743819 0 0 0 0 0 0.148101 0 0.234545 0.0483553 0.16079 0.04904 0.0338514 0.0195473 0 0.0366893 0.0608964
0.139806 0.0299958 0.327531 0 0 0.176148 0 0.103198 0.278009 0 0 0 0 0.0939267 0 0 0 0.208874 0.169694 0.099401 0 0 0 0.148974 0.0475703 0 0 0.175684 0.00668683 0 0.204485 0.0607429 0.0938301 0.303831 0 0 0.052233 0.063384 0 0.0731101 0 0.259919 0 0.164704 0 0 0 0 0.204718 0.187626 0 0 0.197099 0.258398 0.0405275 0.221403 0.22382 0.0491365 0.147025 0 0 0 0.139388 0.190122 0.144846 0 0 0.0215666 0 0 0 0
0 0.0298493 0.0135393 0 0 0.104073 0 0 0.075639 0 0 0 0.112715 0.118578 0.0899104 0 0 0 0.491441 0 0 0.148962 0 0.108391 0.0795557 0.0238706 0.154109 0 0.0572699 0.142785 0 0 0.046844 0.00654611 0 0 0 0.132249 0.0615442 0.133384 0.0900372 0.195346 0.158221 0.0259914 0 0.0543953 0.0291514 0.124834 0 0.195722 0 0 0.126058 0.0403945 0.0104481 0.151328 0.203231 0.00252279 0 0 0 0 0.231264 0.0202939 0.0335344 0 0 0 0 0.0401763 0.0640512 0
0 0 0.254788 0.136858 0.129187 0 0.0826455 0 0.0654216 0.104286 0.285866 0 0 0.0562993 0.222105 0.0703887 0 0.162819 0.0193017 0.0513046 0 0.0935372 0.282671 0.0730632 0.150841 0 0 0 0.0571182 0.0598984 0.11801 0.00112534 0.0677319 0.104794 0 0 0 0 0 0.00458022 0 0.0465843 0.0895791 0.23884 0.043207 0.194907 0.261598 0.304532 0.00689736 0 0.161911 0.0515957 0.116204 0 0.0348324 0.0711012 0 0 0 0 0 0.0931457 0.0703605 0.275785 0.0317652 0 0 0 0.0292926 0 0.00972973 0.00758152
0.042049 0.0778179 0.192409 0.13976 0.0592974 0.0396854 0 0 0.010637 0.0397225 0 0 0.125686 0.147701 0.0581855 0.215417 0.063877 0 0.319679 0.0707001 0 0 0.0510558 0.266129 0.0361186 0 0 0 0.190703 0 0 0.10226 0.151957 0.266826 0.240714 0 0 0 0.100442 0 0.047732 0 0.165999 0.134987 0.301911 0.162208 0.0299058 0.0132397 0.0199851 0.0680543 0.135386 0 0.0522293 0.0699512 0 0.0261371 0 0 0 0.0344856 0 0 0.0423554 0.0878233 0.0881822 0 0 0 0 0 2.33703e-05 0.0122847
0.045966 0.325272 0.231967 0.147567 0.16554 0.135714 0.21004 0 0.142252 0.193113 0 0 0 0.0902274 0.143599 0 0 0 0.0475144 0.0984912 0 0 0.100879 0.317466 0.0898061 0 0 0.183844 0.229645 0.0838223 0 0.0146621 0 0.0235477 0.143402 0.00146469 0 0.0230528 0.0263743 0.154008 0.0331886 0.0338761 0 0.0936419 0.135086 0.356303 0 0 0.0462275 0.237316 0 0.226863 0.00628456 0 0 0 0.015275 0.0151056 0.166491 0 0 0 0.150946 0.160815 0.0318163 0.0118541 0.076592 0.059203 0 0 0.0539418 0
0.16539 0.141755 0.0792395 0.0381988 0.0304728 0.0314976 0.0396686 0.0363874 0.0540436 0 0 0.0238315 0 0.0985748 0 0 0.0494602 0 0.00649811 0.0902641 0.0808913 0.404482 0.073839 0.0900697 0 0.0420388 0 0.0411417 0.00154168 0 0 0 0 0.136289 0 0.163515 0.148078 0.0167226 0.111441 0.17565 0.280162 0.11482 0.164269 0.00655697 0.0477207 0.021384 0 0.180098 0.0465395 0.340359 0.171908 0.212018 0.149177 0.072967 0 0 0 0 0 0 0 0 0.2455 0.144599 0.0263005 0.126761 0.0577745 0.00254167 0 0.189258 0 0
0.156929 0.026728 0.0550542 0.457394 0.0109746 0.0749796 0 0.111552 0.105379 0 0.176899 0 0.0935727 0 0 0.0175723 0.132318 0.0663266 0.324553 0.159387 0 0.0253616 0.130559 0.188283 0 0.248395 0.187849 0.0350323 0 0 0 0.0402153 0.159455 0 0 0.00467025 0.0578397 0.18637 0.056014 0 0 0.0520231 0.00759122 0.183463 0 0.0830461 0.110683 0.145832 0 0 0.182558 0.158467 0 0 0 0.211195 0 0.0506648 0 0 0.0132456 0 0 0 0 0.0139042 0.0679259 0 0 0 0.013664 0
0 0 0.149637 0.0116938 0.0874157 0 0 0.173062 0.0833796 0 0 0.0186932 0.178487 0 0.0747927 0 0.111438 0.0157782 0.210846 0 0 0.0748871 0.0465239 0.0112341 0 0 0.0591258 0.148086 0.326004 0.00658663 0 0 0 0 0 0.16603 0.153307 0 0.00064159 0.0725943 0 0 0 0.35213 0.105188 0.0183287 0.121271 0.116206 0 0 0.159989 0 0 0.0867106 0 0 0 0 0.0556834 0.334685 0.0831165 0 0 0 0.0464419 0.0112002 0 0.0932357 0.0159382 0 0.0981165 0.225783
0 0 0 0 0.0238239 0 0 0.0630566 0.00152142 0.0941712 0 0.114213 0.0950997 0.00958251 0 0 0 0 0 0 0.0168088 0.229778 0.16249 0 0.0728809 0 0 0.0465491 0.184786 0.086798 0.0526853 0 0 0.0295835 0 0 0.0329225 0 0.0900757 0 0 0.136694 0 0.0511199 2.42587e-05 0.163413 0.10525 0.43557 0.148504 0.227839 0.0411745 0.383864 0.12282 0 0 0 0 0 0.070875 0.0826178 0 0 0 0.0960209 0 0.0754633 0.0575557 0 0.0817701 0.0671429 0 0
0 0 0.0493038 0.14581 0.104172 0 0.0905722 0.188772 0.162148 0.0689509 0 0 0.139775 0.0487064 0 0.101635 0 0.0271159 0 0 0 0 0.211745 0 0.215122 0 0.0257226 0.240474 0.1368 0.0644144 0.000434696 0 0.0450834 0 0.105521 0.0929266 0 0.171782 0.0572802 0.111235 0 0 0.0997856 0 0 0.0150285 0.109998 0.15727 0.295039 0.0515358 0.026584 0.0550341 0 0 0 0 0 0.356617 0.200327 0 0 0 0.21586 0.12335 0 0 0 0 0.191945 0.184727 0 0.0146697
0.11342 0.178246 0.168142 0 0 0.0215108 0.160822 0 0.168887 0.0324513 0.17332 0.0696959 0.128906 0 0.384372 0.0157382 0 0 0 0.25489 0 0 0.125112 0 0 0.0226672 0.0192097 0.231998 0.142499 0.184248 0 0 0 0.139701 0 0.02027 0.0613157 0.088424 0.159208 0.254757 0.0419642 0.0687514 0 0.360079 0.0167125 0.0588886 0.0741503 0.15629 0.127851 0.0139148 0 0.316003 0 0 0.0278382 0.0456821 0 0 0 0 0.0219775 0.127242 0.143723 0 0.0247793 0.15792 0.0243232 0.148643 0.0608369 0 0.0200159 0
0 0.110677 0 0.0420949 0.136824 0 0.355279 0.366138 0 0 0.373094 0.075059 0 0.0266393 0 0.267393 0 0 0.132402 0 0.375411 0.0219989 0 0.193133 0.179026 0 0 0.0050559 0 0.152298 0.0531299 0.116807 0 0.213659 0 0 0.0420175 0.178809 0.0235797 0.0651267 0.077078 0.0214904 0.091044 0.113193 0.178614 0.0203217 0 0.487905 0.442433 0 0 0.0478534 0 0 0 0 0 0 0 0.0864152 0 0.280553 0.0266117 0.0082765 0.163715 0.215282 0.288238 0.0413698 0.0130094 0 0 0
0.119792 0 0 0.247309 0 0 0 0.0200129 0 0 0 0 0 0 0.106886 0.0332329 0.00842307 0 0.31791 0.0960645 0 0 0.205933 0.286383 0.0152612 0 0.18744 0.0372088 0.190337 0.00877932 0.0481795 0 0 0 0 0.104763 0.0803588 6.00434e-05 0.196901 0.0405178 0.0666255 0 0.091314 0 0 0 0 0.264749 0.0268428 0.104828 0.0435581 0.0187437 0.0200838 0.103517 0 0.289078 0 0.142964 0.0204395 0.249284 0 0 0.060779 0.0341174 0.0122692 0.0805497 0.0170524 0.0185284 0.108166 0 0.0404101 0
0 0 0.0321618 0 0.0735105 0 0 0.031937 0.222932 0.0436437 0.158995 0 0.372321 0.0632426 0.00388754 0.0849268 0 0 0 0 0 0.203614 0.0607216 0 0 0.151278 0.0383298 0.0789706 0.32367 0 0 0 0 0 0.182329 0.10626 0.000857907 0.110308 0.138415 0.219983 0.0141568 0.194349 0.24606 0 0 0 0 0.0873647 0.0297426 0.160813 0.349434 0.0824963 0.167401 0.182415 0.0735307 0.0801631 0.0385432 0 0.14498 0.0420358 0 0.0514957 0.229429 0.158625 0 0 0.0310085 0.0782554 0 0.117296 0 0
0 0.0849798 0.530317 0.0799447 0 0.475864 0 0 0.272626 0.0112682 0 0 0.134013 0.0834402 0.049666 0.0108813 0.0637093 0 0 0.00472327 0.028982 0.0106946 0.180008 0.0403738 0 0.35869 0.00777112 0 0.183022 0 0 0 0.0414527 0.0672609 0.170639 0 0 0 0 0.0371801 0.039267 0.0564914 0.0982395 0 0 0 0 0.0129127 0.186064 0.134376 0.237682 0.224809 0.017665 0 0 0.428282 0 0 0.179732 0.0198396 0.134352 0 0.224274 0 0 0 0.181977 0 0 0.0188411 0 0.0660089
0.251908 0.0890865 0.199922 0.0894251 0.215767 0 0.0123036 0.0577256 0.0330144 0 0 0.142289 0 0 0.21861 0.0330609 0 0 0.0760866 0.312916 0.0754518 0.0589741 0.0539911 0 0.00309502 0.137397 0 0.0392098 0 0.378873 0 0.0936332 0.367806 0.151688 0.0831777 0.0804371 0 0.193668 0 0.0784592 0.117629 0.184242 0 0.109133 0 0.278343 0 0.250815 0.0759789 0 0.0433794 0.043504 0.192132 0 0 0 0.219896 0.0123517 0.0274441 0 0 0 0 0.121231 0 0 0.13317 0.100808 0.0546062 0.0266142 0.31282 0
0.0802802 0.0708753 0.114982 0.138428 0.130387 0 0.0781202 0.240127 0.136038 0.0614467 0 0.149762 0 0 0 0.168273 0.149352 0.112132 0.0561401 0 0 0 0 0 0 0 0 0 0.0473474 0.323396 0.123742 0.117124 0.0911551 0.0997447 0 0 0.0907016 0.0797263 0.0341669 0.0796716 0.0607769 0 0 0 0 0 0.0656937 0 0 0.0476971 0.280208 0.0565759 0.0679377 0.17563 0 0.0627566 0.0797689 0.0499824 0.208459 0 0.0523024 0.00632084 0 0 0.0436883 0 0.0121518 0 0 0.0389806 0.105468 0
0 0.130747 0.204706 0.309755 0.21391 0.0653229 0 0 0.048366 0 0.213429 0.251544 0.039786 0.0175117 0.144749 0 0.106523 0.113048 0.085126 0 0 0 0.021639 0 0 0 0 0.0154382 0 0.182334 0 0 0.119854 0.044574 0.301017 0.115187 0.0179101 0 0.138903 0.232296 0.0893907 0.340234 0.118913 0 0 0 0 0 0.124144 0.132816 0.154166 0.0533995 0.223583 0 0.04781 0 0.0769396 0.111144 0.179389 0.0977912 0.0148211 0.0310129 0.260479 0.114342 0.0900202 0 0.0970087 0.0913979 0 0 0.127565 0
0.0833584 0.0303121 0.0950424 0.3655 0.409711 0.169192 0.15053 0 0 0.0358273 0.0417377 0.123403 0.300172 0 0 0 0 0 0 0.215416 0.0845087 0 0.116207 0.172778 0.0207487 0 0 0.104296 0 0 0.153281 0 0 0.13795 0.0507865 0.400045 0 0 0 0.0933775 0.0096567 0 0.034354 0.0456045 0 0.0276499 0 0.092125 0.156993 0.0214565 0.241141 0.062735 0.0972402 0.0587548 0 0 0.242105 0 0 0.00686392 0.128187 0.0764957 0.0245922 0 0 0 0 0 0.0392508 0.187455 0.0431449 0
0.254395 0.0721266 0.218748 0.0592012 0.0898063 0.00188517 0 0.364298 0.291413 0.0306579 0.194659 0.0464187 0 0 0 0.0685192 0.151836 0 0.0251943 0.0388481 0 0 0 0.0614477 0.0820424 0.0372533 0.145658 0 0.0789114 0 0.0582694 0.0892555 0 0 0.0431248 0.060949 0.154548 0 0 0.0274755 0 0.0974153 0.0847693 0.0535366 0.0422378 0.022813 0.133437 0.174636 0.0195689 0.167892 0.18889 0.116308 0.00822268 0 0 0 0 0.0408527 0 0 0.148575 0.0940202 0.27668 0 0 0.0569799 0.222757 0 0.0952916 0.00436038 0.0675113 0
0 0 0 0.361257 0.170124 0.496198 0 0 0.024655 0.00514107 0.328119 0.00303358 0.238113 0 0 0.157521 0.0500579 0.116125 0.109121 0.257813 0.102644 0 0.0110526 0 0.0476141 0.0741143 0.0336157 0.0270979 0.0101413 0.0513702 0.270322 0.00636623 0 0.0789939 0.177424 0.162566 0.141911 0 0.278099 0.116902 0 0 0.0558408 0.329141 0.120252 0.172211 0.0838928 0.0624375 0 0.139578 0.0732106 0.234764 0.00343172 0.0187414 0 0 0.0544915 0.263521 0.0113361 0 0.188907 0.0336589 0.00158163 0.275602 0 0.151872 0 0 0.234397 0 0 0
0 0.0152071 0.0774551 0 0 0.0637374 0.265183 0 0 0.295455 0 0.242083 0.199262 0 0.174648 0.13591 0.0441881 0.241236 0.125768 0.0195381 0 0 0 0.0523124 0 0.355801 0.132061 0.0238209 0.338759 0.348301 0.114214 0.0386712 0.0409521 0.0948332 0.12723 0.0931255 0.223178 0.00370707 0 0.291844 0.00210108 0.218191 0.0630194 0.159035 0.155277 0.0940814 0.0395535 0 0.119069 0 0.173724 0.0454912 0.259698 0.0674377 0 0.0661108 0 0 0 0 0 0.0114315 0 0 0.0154298 0 0.018459 0 0 0 0.135568 0
0 0.221927 0.0369847 0 0.136171 0.318898 0 0 0.0594565 0.0658063 0.0708657 0.00494899 0 0.0969023 0.175764 0 0 0.269563 0.0864787 0 0 0.0608369 0 0.159702 0.00486063 0.0413743 0.0251235 0.224493 0.0808077 0.0675856 0.055809 0.198397 0.100475 0.323402 0.256752 0.0771415 0.119311 0.0319699 0 0.034865 0.222952 0.144005 0.0353809 0 0.194513 0.0735944 0 0 0.0487979 0.244483 0 0.159143 0.069688 0 0.117141 0 0 0.0383944 0.0996129 0 0 0.0847058 0.170087 0.00318627 0.159587 0.00648545 0.175177 0.200807 0 0.131545 0.121809 0.0606017
0.0284135 0.00713724 0 0.335956 0.235382 0.292586 0.00421138 0 0 0.377194 0.0308479 0 0.0747649 0.375759 0.0279701 0.222985 0 0.00111555 0.136058 0.0100071 0 0 0 0 0 0.0517846 0.400686 0 0.0922003 0.0408858 0.0566734 0.0761462 0.0521937 0.143327 0.141346 0.0273363 0.137947 0.161364 0.10862 0 0 0.266657 0.17668 0 0 0.0975254 0 0.0328169 0 0.0520004 0 0 0 0 0.151186 0 0 0.341476 0.153104 0.164818 0.137996 0.0525511 0.0976113 0.0235598 0 0.156819 0.0123696 0.127268 0.190435 0.0233 0 0.0173329
0.241701 0 0 0 0 0.282706 0 0.311136 0 0 0.228474 0.0209226 0.0166965 0 0.045229 0.0105282 0 0.102398 0 0 0 0 0 0.0346126 0 0 0 0 0 0.282364 0.261849 0.31133 0 0.169452 0.192099 0.0504447 0.221407 0.0551028 0.216859 0 0 0 0.0742535 0 0.019086 0.146051 0.200645 0.0286728 0 0.0370346 0 0 0.196394 0 0 0.189734 0 0.0825312 0.0255528 0.0674472 0.101983 0.186661 0.0298678 0.0569136 0 0 0.0536109 0.0293174 0.108362 0.143254 0 0
0.230759 0 0.0498047 0 0 0 0 0 0.253762 0 0.100332 0.0476752 0.00347706 0.0479258 0.150634 0.0803323 0.254475 0.336894 0 0.179145 0 0 0.341711 0.231687 0.243338 0.23165 0 0 0.00148817 0.256611 0.0418909 0.127996 0 0.00497786 0.384812 0.0437699 0 0.420048 0 0 0.120164 0.0184007 0 0.184056 0 0.162321 0.0681204 0.0161486 0.0171279 0.0128425 0 0 0.0240973 0 0.153465 0.0170244 0 0 0 0 0.00345281 0.209605 0.0198124 0 0 0 0 0 0.0776267 0.164736 0.0167445 0.353808
0 0.0915255 0 0 0 0.11378 0 0 0.0266395 0.181092 0.09447 0.0625867 0.0597201 0.197789 0.197338 0 0 0.0701266 0.122804 0 0.112589 0.15983 0 0 0.0344065 0.221237 0.027546 0.177531 0.00355691 0.00696133 0.0477099 0 0 0 0.0501909 0 0.0201982 0 0 0.241256 0 0.0649787 0.11963 0.196167 0.17879 0.0503606 0.0780126 0.305997 0.102417 0.236773 0 0 0 0 0.0397948 0.0170379 0 0 0 0 0.0554535 0.332545 0 0 0 0.0192262 0 0 0.00798389 0 0.140425 0.29408
