Proyectos/DeforestationModel/output/irda_score.asc
ncols         300
nrows         300
xllcorner     273000
yllcorner     9.548e+06
cellsize      30
NODATA_value  -9999
[rows 160 to 191 of 300, columns 144 to 215 of 300]
0 0.165016 0 0 0 0.00808824 0.128823 0 0 0.0860174 0.268019 0 0.0944339 0.319601 0.188984 0.174742 0.47652 0.12178 0.0514909 0 0.0554811 0.0246839 0.060083 0 0 0 0.0542752 0.0256207 0 0.00725785 0 0 0 0 0 0 0.169564 0.0339315 0.0139002 0.0270025 0.0242987 0.215369 0.0629234 0.0506897 0 0 0 0.250868 0.0881317 0 0.0733216 0.10786 0 0 0.0797827 0 0.17718 0 0.00577179 0.0092107 0.0448352 0.045177 0.360069 0.0910009 0.0485696 0 0.186577 0 0 0.104128 0.00564635 0.0167984
0 0 0.262802 0.046631 0.066444 0 0.218999 0 0.0547329 0 0 0.225385 0 0.0477142 0.126903 0.158605 0.234837 0.0680018 0.12763 0.130668 0.0429467 0.278388 0.328957 0 0 0.0599238 0 0 0.0701526 0.0254161 0.136953 0 0.305263 0.228236 0.262544 0 0 0 0.0163179 0.0922814 0 0.00307353 0.222115 0.230114 0 0 0.0920947 0 0 0 0 0 0.121457 0.0652821 0 0.150726 0 0 0.0642851 0.0320358 0.390739 0.0664565 0.239302 0 0 0 0 0.0161195 0 0 0 0.171785
0.0869145 0.154242 0 0.0383736 0 0 0.0291054 0 0.026178 0 0 0 0.102735 0.0325645 0.180594 0.030162 0.16835 0.125087 0 0 0 0.0642959 0.14465 0 0.0470263 0.0103155 0.0476725 0 0 0 0 0 0.208535 0.124935 0.0581128 0.023011 0.253268 0 0 0 0.149894 0.17769 0 0.0463413 0.0462952 0.115243 0.0977044 0.00282936 0 0 0 0.144596 0 0 0 0 0 0 0.0888753 0 0 0.0658268 0 0 0.00469992 0 0.063766 0 0.0389046 0 0.0960305 0.113544
0 0.0341863 0.202062 0.090088 0.0832351 0 0 0 0 0.00881446 0.0493466 0.0826262 0.20822 0 0.209553 0.215477 0.0648619 0.35767 0 0 0.076524 0 0.0868188 0 0 0 0 0 0 0.425075 0.0346362 0.231912 0.0758264 0.69896 0.0916316 0.139117 0 0 0.269618 0.257095 0.00928793 0.260215 0 0 0 0 0 0 0 0.0726294 0 0.306722 0.0414533 0 0 0.266606 0.315249 0.208094 0 0 0 0.0690287 0 0 0 0 0 0 0 0.286736 0.0280402 0
0.120395 0.241428 0.202334 0.0299902 0.0900884 0.0904583 0.189922 0 0.10918 0.145468 0.253806 0.132786 0.0556704 0 0.0929294 0.246071 0.0717221 0 0 0.0245751 0.0269029 0.013534 0.00436305 0 0 0.0464567 0.00637104 0 0.0380533 0.206122 0.128212 0.0522 0.29255 0.252863 0.0842449 0.439423 0.255966 0.0796268 0.0276812 0.00550203 0.0464338 0.09694 0.121688 0.127297 0.219713 0 0 0.1341 0.0829681 0 0 0 0 0.0183351 0.0669124 0.0244721 0.099937 0.044704 0.11114 0.259365 0 0.0817691 0 0.236053 0 0.0163752 0 0 0 0.0789562 0 0
0 0.25412 0.125028 0.155947 0 0 0.0317347 0 0 0.0721549 0 0.00561709 0 0 0 0 0 0.02218 0 0 0.246083 0.0185248 0.0829544 0 0.204848 0.104729 0.137186 0.0475298 0.130731 0.333296 0.0331358 0.0154994 0.146449 0.0650658 0.20905 0.094661 0.0514455 0 0.0303978 0.057954 0.029221 0.344385 0.146627 0.30367 0.0815465 0.0754105 0 0 0 0.0797033 0 0.00489772 0.0752903 0.0231782 0.00963367 0.0685294 0.0134881 0.143552 0.0579158 0.00644155 0.221804 0 0 0.0323474 0.342588 0.0129354 0 0.00949807 0.0153619 0.0471728 0.0490957 0
0.168338 0.0720018 0.109503 0.0333772 0 0.0862519 0 0 0.120482 0 0.131486 0.0591697 0 0 0 0 0.0245246 0 0.113771 0.0623263 0.0542965 0.344251 0 0 0.124068 0.257598 0 0 0.208259 0.0752506 0 0.0736917 0.133091 0 0.402518 0.0983377 0 0 0 0.0996572 0.107407 0.172675 0.188776 0.130226 0.22957 0.164508 0.0679001 0.0142791 0 0 0 0.0950081 0 0.0774309 0.0106028 0.144054 0.0207121 9.77156e-05 0.0815526 0.1112 0 0 0 0.260522 0.171373 0.0490046 0.289568 0.00516591 0.00185795 0.104548 0.112167 0.126632
0.0933695 0.127121 0.183586 0.247256 0 0 0.0149326 0 0.223641 0.00284818 0 0.125949 0 0 0.026329 0 0 0 0.106362 0 0.0185016 0.197487 0 0 0 0.0478719 0 0 0.307408 0.43074 0 0 0 0.0901967 0 0.0413903 0 0 0 0.211038 0.248471 0.0791764 0.225852 0.0998977 0.015621 0.263632 0.214755 0.00230136 0 0 0.17927 0 0.196693 0 0.0229693 0.225907 0.208052 0.0265658 0.0148412 0.0655899 0.20381 0 0.0270811 0.0618432 0.0826789 0 0 0.121391 0.182449 0.0341226 0.0703186 0
0 0.0110923 0.0159866 0.0713357 0.261864 0.0243622 0.188655 0.00118046 0 0 0.0302267 0.105559 0 0.15167 0.226823 0.32318 0 0 0 0.147456 0 0 0 0 0.0526078 0.1377 0 0.0879568 0 0 0.00688495 0 0.275535 0 0 0 0.230024 0 0 0 0.0459715 0.223827 0.120496 0.0257041 0.163941 0.0277545 0.141333 0.0895161 0 0.189399 0 0 0 0 0.0088466 0.215507 0 0 0.116806 0.312567 0.170312 0.282751 0 0 0 0.0758371 0.00355099 0 0.0554314 0.219748 0.144345 0.226804
0.0556859 0 0 0.145486 0.0668274 0.00449309 0 0 0 0 0.0189324 0.302381 0.077662 0 0.0468682 0 0.165224 0 0.145285 0.00253026 0.169646 0 0 0.0141163 0 0 0 0.0873411 0 0.0873536 0 0.0158985 0.0276536 0 0 0.0869478 0 0 0.131864 0.194459 0.106059 0.0747694 0.0578736 0 0 0.178547 0.188846 0.148941 0 0.115827 0 0.0582416 0 0.0796279 0.194806 0 0.14152 0 0.212443 0.13444 0.114613 0 0.0355102 0 0.0169515 0.0125118 0 0 0.151758 0.000570876 0.0581946 0.0267542
0.0634491 0.0554966 0.103274 0.0987527 0.06923 0.29054 0 0 0 0.087418 0.0630741 0.144587 0.0689044 0.173387 0 0 0 0.233606 0 0.018145 0 0 0.2155 0.158248 0 0.0885656 1.76978e-05 0.0322392 0.209266 0.0722741 0.258938 0 0.190373 0 0 0 0.121807 0 0 0 0.12148 0.0928494 0.154308 0.058142 0 0.0155987 0.0375895 0.160316 0 0 0.127098 0 0 0.258908 0.195257 0 0 0.0298487 0.0598572 0.0898187 0.271398 0.118324 0.0157683 0 0.133154 0.157598 0.201145 0.0862565 0.0407938 0 0.0437139 0.375286
0.135901 0.0743377 0.0202243 0.165241 0.133789 0.060834 0.0226216 0.155984 0 0.0872695 0.039714 0.121564 0.0398791 0 0 0 0.0269807 0 0.0426154 0.157716 0 0.0388223 0.171002 0.132731 0 0.273006 0.00241501 0.0984397 0 0 0 0.0927003 0.0400704 0.302438 0.124907 0.293128 0 0 0 0 0.073437 0.0483285 0.11254 0.126413 0.107269 0.15284 0 0.224336 0.0860171 0 0 0 0 0.00786048 0 0.0503959 0.0516107 0.157487 0.262922 0.310624 0.16703 0.0418643 0.00181825 0.0417812 0.0626625 0.21151 0.0329397 0 0 0 0 0.00514881
0.129809 0 0 0.156202 0.120034 0 0.188412 0.00478838 0.02127 0 0 0.0518948 0 0.00741229 0 0.114213 0 0.128921 0.048352 0.100673 0.054029 0.00329274 0.0465953 0 0.00538225 0.0991435 0 0 0 0 0 0.071102 0.215779 0.0270245 0.000982167 0.0231448 0 0 0.179521 0 0.0953273 0.029466 0.126684 0.0627375 0 0 0 0 0 0 0.0460786 0 0 0 0.318708 0.0404198 0.0214676 0.034635 0.0214088 0.0662592 0.0184702 0.107144 0 0.079981 0 0.108538 0.120157 0 0 0.128141 0.00991812 0.339487
0.0517315 0 0 0.0398785 0.146944 0 0.0570283 0.159867 0.184482 0 0 0 0 0 0.109876 0.0789132 0 0 0.461186 0.198313 0.114441 0.0360977 0 0 0.0386653 0 0.0192496 0 0.0104879 0.0195858 0 0.018602 0.011877 0.0445081 0 0 0.135741 0 0 0.0334451 0.180635 0.0343974 0.165434 0.106912 0.00262751 0 0.116753 0.0323237 0.12341 0 0.125694 0 0 0.123744 0.165114 0.167033 0 0.0423483 0.0681842 0.0808773 0.336454 0.00302396 0 0.0393317 0 0 0.0390978 0.048308 0 0.196479 0.103289 0
0 0.0726154 0 0.0351449 0 0 0.0176684 0.040711 0.00366308 0.102447 0 0 0 0.103172 0.0353179 0.223003 0 0 0 0 0.200265 0.0587957 0.00868725 0.254845 0.0903488 0.29295 0 0.314292 0.0110612 0.000214251 0 0.0557646 0.146912 0.00326643 0 0.0166028 0.100083 0 0 0.00123591 0 0.0824938 0.178268 0.326139 0 0.305488 0.231821 0.0299354 0.10961 0 0 0 0.00341712 0.163203 0.123717 0 0 0 0.0706103 0 0.190787 0.0259816 0 0 0.227971 0 0 0.0559162 0.101649 0.068316 0 0.00303577
0 0.156231 0 0 0 0 0 0.0396898 0.156612 0 0 0.0882162 0.0153372 0.0345408 0.304561 0.0381924 0.0106625 0 0 0 0 0.0143304 0.115667 0.025319 0.00924169 0.0323376 0 0.201222 0.428567 0 0.0846377 0.071432 0.0396715 0 0.1382 0 0.0171423 0.00381029 0.0524164 0.209983 0.167097 0.0809737 0.261523 0.20002 0.0328887 0.00429023 0.0827982 0.0276934 0 0 0 0 0.0609482 0.0902425 0.0738485 0 0.200552 0.00856965 0 0 0.0896978 0.0552755 0.0686936 0.0166773 0.166514 0 0 0.105516 0 0 0.272972 0
0.136411 0.0983324 0.0806494 0 0 0 0.00363102 0 0 0.134461 0.0794997 0.306445 0.0563234 0.175656 0.0312126 0.00263072 0.105584 0.0687544 0.0700283 0.0976499 0 0 0.109342 0.0570053 0.0481446 0 0.0905682 0 0 0 0 0.036853 0.148926 0 0 0 0.0207288 0.123799 0.0253242 0 0 0.0657131 0.00471424 0 0.151677 0.0980418 0 0.055476 0.129716 0 0 0 0 0.0968886 0 0 0 0 0.0100538 0.0669637 0.0145437 0 0 0.103036 0.0478097 0.219515 0.345659 0.0193347 0.0753539 0.0429347 0.0689141 0
0.0491847 0.00282108 0 0.0334371 0.254072 0 0.182947 0.0898308 0 0.0444986 0.021362 0.029232 0.0433652 0.125318 0 0.304275 0 0 0 0 0 0 0.013039 0.0310691 0 0 0.104631 0.0762393 0.283445 0 0 0.334748 0 0.0786302 0 0.119012 0.0178806 0.104362 0.0964028 0.139824 0.00381583 0.116421 0.127659 0 0 0 0.0656991 0.0892589 0.00271901 0.137309 0.259064 0 0 0 0 0.0183006 0 0 0 0.474105 0.12151 0 0.0533465 0.0182858 0.00789712 0.12561 0.0636815 0 0.0715124 0 0.0570712 0.0418532
0 0.240702 0 0 0.0111864 0.0410344 0 0 0 0.121968 0.303945 0 0.1705 0.00188095 0 0 0 0 0.11529 0.0540826 0.153656 0.271604 0.170214 0 0.248078 0 0.116209 0.166173 0.0297951 0.0851894 0 0.0601097 0.0574044 0.0173557 0 0 0 0.0177148 0.0705259 0 0.13964 0 0.152913 0 0 0 0.0716327 0.244959 0 0 0.0366685 0.262949 0 0.0261237 0 0 0.0183275 0 0 0 0.0927436 0.0746578 0 0.00080052 0 0.0171503 0.17704 0 0.248734 0 0 0.0424029
0.174402 0 0.0697735 0.00215986 0.029888 0.0933713 0.136717 0 0 0 0 0.0250877 0.0758529 0.113711 0 0.0200043 0 0 0 0 0.0172963 0.159276 0.0119064 0 0 0.0108978 0 0 0.00413638 0 0.0740851 0 0 0 0.261216 0 0.00920206 0 0 0.0284964 0 0 0 0.133813 0.0422678 0.363613 0.0390617 0 0 0 0.152704 0.0155523 0.0791661 0.186096 0.0793941 0 0 0 0.023029 0 0.0774055 0.0669006 0.0631911 0.0907037 0.0819667 0 0 0.0225228 0.0838018 0.00606394 0 0
0.00896486 0.021888 0 0.32161 0.298724 0.25667 0.00665227 0.0785114 0 0.0636337 0 0.186566 0.175209 0.0852996 0.119088 0 0 0.0673623 0 0.151546 0 0.222 0.198894 0 0.149115 0.0701337 0.0198734 0 0.215356 0.0977773 0 0 0 0 0.123866 0 0.0614151 0.131219 0 0.187155 0 0.0690627 0 0.0986635 0 0 0.0539439 0.057822 0.00289463 0.0143397 0.104574 0.0523873 0.0207058 0.0543365 0.0779241 0.156222 0.19018 0.133429 0.162298 0.0117404 0 0.0976899 0.00449674 0.203009 0.0878595 0.29615 0 0 0.0775442 0.0773394 0.0918811 0
0 0.016956 0.394315 0.126352 0.186074 0.18848 0 0 0.0292996 0 0.00760706 0.0454977 0.0395625 0.456442 0.0666416 0.16582 0 0 0 0 0.155144 0.119508 0.124193 0.229206 0 0.0326404 0.233677 0.0121593 0 0 0.194468 0.146141 0.0469098 0 0.198282 0.205884 0.0305502 0.236751 0.0168037 0 0 0 0.26545 0 0 0 0.162496 0.141964 0.0225636 0.404221 0 0 0.0727297 0.118063 0.0569471 0.0534961 0.0627024 0.0558895 0.0798226 0.0337087 0.0139363 0.0237604 0 0 0.146377 0.0709642 0.0172256 0 0 0.0885115 0 0.0666171
0 0 0 0.134551 0.289174 0.0950904 0 0 0.188897 0 0.101126 0.003112 0.0217884 0.0581058 0.0106086 0.0914017 0 0 0.06521 0.180581 0.0216735 0.379513 0.204537 0 0.0315763 0 0.00409285 0.0083534 0.220525 0.0217655 0.0457438 0.102896 0 0 0.0262317 0.209496 0.00397679 0.0189381 0.0776294 0.156022 0.128915 0.157502 0.00447481 0 0.0836222 0.0990395 0.120347 0.266119 0.0511696 0 0 0.120119 0 0.110419 0.0196121 0.29932 0.131401 0.00422321 0.0351007 0.281672 0.0339858 0.152514 0 0.0158234 0.170372 0.0300395 0.177245 0 0.175714 0.0691786 0 0.224511
0 0 0.0187007 0.0906598 0.0424523 0 0 0 0 0 0 0 0.0293909 0.0568653 0 0 0 0.00477683 0.137094 0.0161454 0 0.28865 0.0261832 0.151911 0.266897 0 0 0.0412867 0.0949945 0.153616 0.0297894 0.168497 0.0464723 0 0 0 0.241876 0 0 0.0550435 0.194679 0.0206676 0.131223 0 0.00447682 0 0 0.107063 0 0.108887 0 0.014021 0 0 0 0 0.129479 0.00454612 0 0.0294995 0.0601779 0.00598709 0.212232 0.0271869 0 0.138182 0.0674648 0.0222051 0 0.0596806 0.0258221 0.0346885
0.0641966 0.210657 0.224999 0.0399358 0.162914 0 0 0 0 0 0 0 0.0880882 0.165561 0.224922 0 0.25982 0.151723 0 0 0.0766334 0 0 0.122001 0 0 0.0156555 0.169049 0.0754835 0 0.0425968 0.21939 0 0 0.0186891 0 0 0 0.124532 0.108903 0.0170328 0.0309677 0.00773808 0.218614 0.0392581 0 0 0 0 0 0 0.0793002 0.109814 0.0707464 0 0.0639844 0.16761 0 0 0 0.271498 0.423405 0 0.0491057 0.0117501 0.216517 0.127318 0.156804 0.111664 0.0196078 0.274842 0.00148813
0.0241268 0.0234883 0.0499872 0.106711 0 0 0 0.294114 0.00604889 0.243162 0.0525623 0 0.212327 0.0853966 0.217989 0.0742275 0.0697783 0 0 0 0 0 0.00060454 0.163038 0 0.22406 0.23582 0.126252 0.0554787 0 0.110652 0 0.171481 0.0374459 0.073706 0.186808 0 0 0 0 0.163622 0.0558859 0 0 0 0.0262887 0.147676 0.0292696 0 0.0368591 0.105847 0 0.0146296 0.218074 0.00666667 0.187718 0.00647405 0.0234923 0 0.0173487 0.0701005 0.0131017 0 0.133434 0.0151283 0.0411344 0.277801 0 0 0 0.0796714 0
0 0.0321197 0.0798032 0.271861 0 0.0554117 0.0716628 0.0919972 0.220526 0 0.0972269 0 0.0428042 0.0702844 0.183584 0.0112031 0 0 0 0.264921 0 0.0253035 0.146117 0.0320159 0.235856 0.16718 0.100292 0 0.016875 0.163804 0 0.0353589 0.0678496 0.0565941 0.211537 0.119366 0 0 0.0666073 0.197822 0 0.0689306 0 0.204624 0.00377782 0 0.0107333 0.295612 0 0 0.0483193 0 0 0 0 0.0140669 0 0 0.0115672 0.297072 0.0469388 0 0.019937 0 0 0 0 0.0309357 0.182362 0 0.0279748 0.0447945
0 0 0 0.0180778 0.189683 0.2787 0 0.0249396 0.0128227 0 0 0.212955 0.0454236 0.202493 0.221736 0.1164 0 0.212417 0.17223 0 0 0.352164 0.201009 0.163489 0.16332 0.244152 0 0.172215 0.0315988 0.0770675 0 0 0 0.116808 0.202652 0.0313149 0.147587 0 0 0 0 0 0.138775 0.173325 0 0.039112 0 0 0.148963 0 0.0239215 0 0 0 0.146656 0 0 0.191302 0 0.0893126 0.372707 0.00962613 0.0810069 0.0649857 0 0 0.102883 0 0.0304122 0.0072253 0.159011 0.0107501
0.245237 0 0 0.0123543 0.0242225 0.111109 0.0775844 0 0.0816742 0 0 0 0 0.0502673 0.354089 0.120332 0.20938 0.136788 0.0995631 0 0 0.212543 0.140065 0.0394239 0 0 0 0.0427814 0.152679 0 0.264783 0.180347 0 0.0287457 0.133685 0.0408731 0 0.146421 0.128109 0 0.00383765 0 0.0676698 0.108051 0.111116 0 0.00631984 0 0 0.0859166 0.04573 0.035302 0.0950937 0.226415 0.0424186 0 0.0648463 0.141866 0.086559 0.0806933 0.0708275 0.0797472 0 0.110403 0 0 0 0.0868828 0.158155 0.0721363 0.00753046 0.127196
0.0173257 0 0.12444 0 0.111105 0 0.127848 0.234266 0 0 0 0.000428755 0 0 0 0 0.0894101 0.0315633 0 0 0 0.228462 0.145029 0.0158188 0.00434287 0.171646 0.00108924 0.118433 0.219744 0.0769144 0.143479 0.0549511 0.225785 0 0.22488 0.254356 0.161067 0 0 0 0.0333367 0 0 0.0721181 0 0 0.217859 0 0 0 0 0.0654027 0.241142 0.11306 0.0510923 0 0 0.0126017 0.243673 0.296146 0.0647149 0.0882379 0 0 0 0 0 0 0 0 0.159095 0.126777
0.110528 0.0294901 0.0625788 0.0215837 0 0.173204 0.168212 0.0718833 0.172286 0 0.306373 0.270347 0.0346022 0 0.178642 0 0 0 0.013758 0.152734 0 0 0.268857 0.0517411 0.242262 0.121782 0.0405711 0.512589 0.0546003 0.175812 0.048441 0.270989 0.0162547 0.00165103 0.0579559 0.0671374 0.000810075 0.0586475 0 0 0.125744 0.0118993 0.197908 0 0.0456797 0.0871599 0.190365 0.0485269 0.0247268 0.041544 0.128438 0 0.0233155 0.0893213 0 0 0 0.00364154 0.0891242 0 0 0.0527313 0.00973168 0 0 0 0 0 0 0.0603312 0 0.00714087
0.0156906 0.109434 0.0589198 0.163855 0.0432091 0.0514426 0.285989 0.0668554 0.0440459 0.0403822 0.0350637 0.0785763 0.00968895 0.0434788 0 0.302495 0.310127 0 0.0394727 0 0.0998977 0 0.269922 0.0613856 0.178382 0.25933 0.0420456 0 0 0 0.0406316 0.204182 0.00335179 0.0717202 0 0.0215653 0 0 0 0 0.122431 0.15306 0 0 0.240793 0 0 0 0.336432 0.034647 0 0.00308512 0.0817971 0.0204912 0.0566318 0 0 0.00309101 0 0 0 0.1425 0 0.0325474 0.136451 0 0 0 0 0 0 0.0552837
