Proyectos/DeforestationModel/output/ndvi_2015.asc
ncols         300
nrows         300
xllcorner     273000
yllcorner     9.548e+06
cellsize      30
NODATA_value  -9999
[rows 145 to 173 of 300, columns 0 to 65 of 300]
0.841314 0.841284 0.964612 0.923498 0.89682 0.911372 0.877089 0.858022 0.905097 0.856836 0.874665 0.917569 0.904545 0.963773 0.904576 0.870703 0.945864 0.862167 1 0.799788 0.965533 0.919713 1 0.917564 0.918708 0.896084 0.964148 0.871917 0.988049 0.863301 0.984133 0.880501 0.905304 1 1 0.952605 0.921835 1 0.908033 0.977922 0.88752 0.905105 0.938203 0.878525 1 0.92596 0.887685 0.946704 0.941834 0.998557 0.905011 0.912726 0.856795 0.883696 0.831828 0.750299 0.621604 0.570435 0.703018 0.741519 0.62356 0.684858 0.997498 0.885427 0.925774 0.97259
0.962148 0.888008 0.855549 0.887272 0.859997 0.817675 0.882463 0.91984 0.991156 0.75758 0.782455 0.94544 0.945739 0.874438 0.880084 0.828554 0.782553 0.895355 0.867983 0.986535 0.764635 0.907171 0.951178 0.901229 0.90901 0.914922 0.919139 0.801885 1 0.893287 0.966076 0.875883 0.837558 0.892638 0.936232 0.972676 0.882501 0.986959 0.873389 0.974959 0.845447 0.956389 1 1 0.866184 0.969045 0.934421 0.942711 0.978001 0.896728 0.891049 0.953558 0.941365 1 0.85992 0.694248 0.513904 0.616712 0.466012 0.504763 0.710371 0.730253 1 0.969028 0.921366 0.96035
0.787532 0.883789 0.987218 0.899933 0.882535 0.903322 0.727346 0.940491 0.86387 0.84283 0.961842 0.90228 0.992874 0.875128 0.87857 0.810842 0.880351 0.941118 0.976715 0.835477 0.944018 0.864972 0.833275 0.888865 0.892752 0.870845 0.917503 0.949059 0.848714 0.894997 0.880519 0.993721 0.991331 0.911041 0.871124 1 0.982745 0.975729 0.878507 0.863506 1 0.951613 0.855526 0.944667 0.924312 1 0.894247 1 0.833401 0.841537 0.893074 0.821882 0.933753 0.855937 0.970561 0.701743 0.485926 0.6134 0.470666 0.576775 0.81771 0.541086 0.894848 0.888 0.945322 0.954001
1 0.913149 0.939265 0.873411 0.926902 0.917756 0.912344 0.973946 0.921319 0.822151 0.88796 0.914911 0.940957 0.918736 1 0.91039 0.96714 0.951941 0.927793 0.914327 0.947988 0.832598 0.904611 0.992164 0.809112 0.960731 0.827595 0.778774 0.939887 0.89988 0.947881 0.844606 0.845333 0.954835 1 0.988628 0.997014 0.826384 1 0.793454 0.980753 0.959222 0.954124 0.920329 0.825213 0.936393 0.995703 1 0.87335 0.94294 0.979345 1 0.767391 0.82006 0.934546 0.615724 0.596884 0.473464 0.690071 0.52373 0.765766 0.829896 0.982705 0.980394 0.787656 0.806249
0.933422 0.907958 0.836475 0.819158 0.95741 0.943637 0.877982 1 0.875427 0.859645 0.935154 0.849854 0.889041 0.860807 0.92917 1 0.972535 0.911002 0.884697 0.993791 1 0.887887 0.978935 0.765405 0.963609 0.869605 0.822688 0.887033 0.900213 0.970093 0.889305 1 0.941209 0.913197 0.967575 0.943388 0.920266 0.973424 0.864813 0.825462 0.997576 0.804204 0.965004 1 0.798741 0.860533 0.98003 0.806957 0.838874 0.856416 0.818032 0.844934 1 0.848876 0.981801 0.695922 0.527604 0.462356 0.49494 0.555468 0.716621 0.769083 0.88459 0.920571 0.92536 0.94806
0.990584 0.880289 1 0.8356 0.843094 0.992767 0.792805 0.864653 0.945954 0.913269 0.899308 0.963351 0.905941 0.960871 0.85439 0.911558 0.890649 0.901044 0.986502 0.878209 0.847106 0.795991 0.953082 1 0.989391 0.983307 0.924159 0.930243 0.91947 1 0.878114 0.845259 0.864867 0.995669 0.887529 0.945975 0.9697 0.944788 1 0.909133 0.937073 1 0.856578 1 0.929015 0.916702 0.98775 0.983407 0.912129 0.892353 0.885408 0.916365 0.885423 0.892635 0.887804 0.6306 0.545184 0.681107 0.354832 0.500978 0.766535 0.751153 0.821954 1 0.97418 0.920188
0.813664 0.785981 0.925265 0.94908 0.824192 0.919042 0.837302 0.855229 0.95412 0.834937 0.973831 0.920231 0.755905 0.853033 0.917332 0.875685 0.992915 0.966152 0.828005 1 1 0.995967 0.743885 0.888007 0.864121 0.918509 0.854582 0.829079 0.981838 0.972706 1 0.924234 0.982898 0.911531 0.84977 0.890997 0.889143 0.944255 0.836094 0.926687 0.937849 0.929236 0.950389 0.903353 0.998701 0.945588 0.983048 0.939928 0.878686 0.925469 0.798129 0.976595 0.869295 0.925675 0.970686 0.70254 0.717259 0.677891 0.55915 0.665995 0.715163 0.710763 0.981942 0.904394 0.876361 0.944052
0.905192 0.887012 0.760052 1 0.966484 0.960429 0.899956 0.797374 0.889297 0.824935 0.817357 1 1 0.939045 0.896547 1 1 1 1 0.949413 0.88975 0.938861 0.964223 0.962607 0.991741 0.90896 0.905871 0.950816 0.956416 0.934768 0.89876 0.942557 0.885842 0.705813 1 0.905622 0.962437 0.922894 0.975533 0.980219 1 0.943888 0.926511 0.909846 0.847685 0.899234 1 0.82473 0.796561 0.902718 0.931268 0.925281 0.799446 0.856609 1 0.635981 0.671655 0.406275 0.614393 0.623517 0.867284 0.675017 0.796233 0.90138 0.872889 0.840745
0.84228 0.986747 0.840761 1 0.910977 0.925437 0.930045 0.960425 0.843049 0.96567 1 0.846706 0.917135 1 0.982998 0.852886 0.953456 1 0.858218 0.935574 0.787253 0.993562 0.999252 0.877984 1 0.912577 0.815794 0.943224 1 0.908755 0.984629 0.853508 1 0.906733 0.865935 0.985779 0.970893 0.916149 0.944274 0.816649 0.978758 0.99374 1 1 0.920276 0.991958 0.908636 0.96876 0.828287 0.852158 0.897011 0.853428 0.960829 0.798815 0.880617 0.729541 0.489041 0.754549 0.762607 0.418925 0.630317 0.682766 0.865691 0.98485 0.96631 0.722249
0.870307 0.900697 0.862672 0.959955 0.917723 0.874425 0.942157 0.791529 0.835433 0.898386 0.945927 0.859599 1 0.871121 1 0.966256 0.897315 0.949739 0.897741 0.99467 0.830826 0.93845 0.962767 0.861776 0.889886 1 0.930973 0.977502 0.998252 1 1 0.878106 1 0.882195 1 0.958861 0.955884 0.950319 0.955922 0.982842 0.89496 0.884402 0.917398 0.931747 0.982029 0.819275 0.869956 0.856821 0.896712 0.983433 0.963783 0.791829 0.998063 0.951118 0.844672 0.630088 0.485565 0.769537 0.773082 0.534256 0.749412 0.617912 0.95102 1 0.870428 0.915209
0.906071 0.87107 0.836318 0.921398 0.932199 1 0.868705 1 0.841472 0.869038 0.890979 0.832721 0.921053 0.896821 0.920567 0.916706 0.942518 0.939459 0.950244 0.842008 1 0.813159 0.824024 1 1 0.974636 1 0.99954 0.843744 0.920878 0.857629 0.960049 0.974147 0.912136 0.930034 1 0.772177 0.916686 0.958711 0.855978 0.879883 1 0.979514 0.911584 0.910541 0.99163 0.776088 0.904674 0.883401 0.934441 0.898007 0.963846 0.927137 0.935453 0.883936 0.718045 0.623085 0.477179 0.48694 0.583633 0.820993 0.503101 0.833911 0.869838 0.834736 0.975535
0.798496 0.843206 0.931644 0.892672 0.938865 0.993918 0.841767 0.957768 1 0.841402 0.822811 0.898887 0.779921 0.950855 0.870884 1 0.922088 0.859484 0.925175 0.931086 0.977668 0.938635 1 0.88848 0.887731 0.921197 0.869487 0.915123 1 0.844554 0.823796 0.87926 0.976229 0.87239 0.997406 0.956804 0.755446 1 0.902338 0.788888 0.930376 0.870743 0.960714 1 1 0.763044 0.977926 0.895924 0.841468 0.909569 0.939955 0.768996 0.79063 0.940246 0.861095 0.814576 0.663464 0.537809 0.646285 0.473875 0.689323 0.942603 1 0.992792 1 0.883548
0.96471 1 0.967289 0.929862 1 0.940372 0.962395 0.943829 1 0.935777 0.923881 0.973484 0.927397 0.939519 0.957497 0.951591 0.97746 1 0.949096 0.907982 0.96825 0.943531 0.822665 0.952831 0.863268 0.81896 0.99897 1 0.882384 0.756384 0.919252 0.952219 0.823486 1 1 0.851806 0.92802 0.914128 0.906407 0.937538 0.88894 0.903518 1 0.798449 0.909619 0.892689 0.890524 0.893252 0.893634 0.932863 0.949306 0.801075 0.828095 0.981597 0.723401 0.729669 0.506908 0.566956 0.634832 0.413554 0.620777 0.825018 0.840815 0.837627 0.90636 0.833705
0.980932 0.808764 0.987011 0.888952 0.921556 1 0.99538 0.988537 0.985946 0.846842 0.938441 0.87685 0.986047 0.957643 0.823781 1 0.863872 0.948979 0.881839 0.893895 0.993315 1 0.965802 0.960152 0.866173 0.989178 0.842268 1 1 0.926231 0.903185 0.876478 0.819023 0.940174 0.883745 0.995686 1 0.935015 0.916191 0.933406 0.999968 0.81269 0.991172 0.878089 1 0.860636 0.94981 0.914064 0.870656 0.78272 0.919236 0.943833 0.878659 0.890975 0.704167 0.569744 0.501416 0.484838 0.543746 0.436024 0.897569 0.953848 0.969306 0.789927 0.820772 0.885385
0.856561 0.887028 0.881194 0.91302 0.905216 0.678398 0.902677 0.871664 0.995968 0.868941 1 1 0.857732 0.892919 0.955126 1 0.947664 0.936081 0.873621 0.979334 0.993965 0.945111 0.889836 0.964153 0.953397 1 0.904662 0.802646 0.920829 1 0.99929 0.999024 0.979577 0.977253 0.924244 0.869201 0.926231 0.930921 0.988655 0.801946 0.809203 1 0.985335 1 0.889705 0.898238 0.834203 1 0.908797 0.867254 0.804974 0.856397 0.813598 0.910693 0.712862 0.693235 0.53024 0.510556 0.566253 0.73525 0.673538 0.912011 0.862618 0.963636 0.906937 0.996353
0.848623 0.846984 0.896756 0.932515 0.839237 0.879302 1 0.841466 0.886509 0.821144 0.973312 0.929612 0.772753 0.887685 0.960827 0.808525 0.975247 0.948956 0.976045 0.875201 0.938743 0.873828 0.916901 0.964815 0.919781 0.855281 0.939634 0.845519 0.960953 0.848194 0.886427 0.948494 0.89687 0.856024 1 0.972689 0.899356 0.887055 1 0.977402 0.867732 0.867039 0.869326 0.816043 0.864326 0.89488 0.88609 0.861324 0.751003 0.843284 0.93016 0.869056 0.832569 0.851337 0.824637 0.537221 0.51334 0.543756 0.583011 0.850255 0.712653 0.933321 0.981171 0.934122 0.914482 0.86986
0.837218 0.873897 1 0.891709 1 0.807016 0.868879 0.966948 0.856858 0.890131 0.953967 0.889045 0.849705 0.925535 0.937924 0.874757 0.934183 0.966037 0.870473 0.889564 0.881165 0.894141 0.906987 0.921207 0.856815 0.973719 0.99017 0.941172 0.881834 1 0.936632 0.931547 0.929172 1 0.968203 0.932387 0.892087 1 0.948906 0.795869 0.814797 0.980152 0.960438 0.88573 0.917204 0.894098 0.97426 0.937718 0.829219 0.991512 0.900063 0.848633 0.911421 0.731331 0.693047 0.546678 0.631896 0.70234 0.523716 0.736609 0.96272 0.88924 0.780893 0.932823 0.968523 0.964193
0.927974 0.904892 0.928635 0.789364 0.903856 0.989956 0.815901 0.868794 0.948898 0.877285 0.979876 0.822913 0.951219 0.962171 0.988255 0.830604 0.95258 0.88461 0.915248 0.85297 1 0.91769 0.954213 0.83294 0.902409 0.969784 0.961797 0.86919 0.946134 0.946507 0.91793 1 0.908642 0.775064 0.994001 0.793245 0.816813 0.965037 0.892605 0.765672 0.966233 0.824201 0.973924 0.935079 0.965489 1 0.908193 0.967887 0.893824 0.842051 0.869934 0.774964 0.95298 0.71047 0.577864 0.402615 0.615365 0.436546 0.689332 0.80547 0.954084 0.845865 0.873846 0.911387 0.883728 0.867575
0.986032 0.838246 0.962506 0.872131 0.835642 1 0.959544 0.807947 1 1 0.833453 0.795868 0.886492 0.783743 0.836759 0.93036 0.994295 0.993881 0.930726 0.97967 0.967107 1 1 1 0.960988 0.781048 0.940904 1 0.934431 0.954321 1 0.935595 1 0.901632 1 0.92034 0.942196 0.856608 0.939688 0.866057 0.854378 0.907044 0.776309 0.923213 0.903633 0.89924 0.919485 0.707177 0.95867 0.833867 0.845412 0.940279 0.865965 0.83998 0.439166 0.519656 0.689108 0.643098 0.826706 0.624254 0.919498 0.928891 1 0.898815 0.846369 0.874022
0.941374 0.81425 0.779952 1 0.954911 0.997433 0.816826 0.938626 0.969701 0.879859 0.984437 0.886768 0.828616 0.950739 0.880859 0.985761 0.961006 0.902285 0.973332 0.834183 0.97311 0.823548 0.977772 0.932824 0.869209 1 0.994952 1 0.971036 0.916922 0.743881 0.881598 0.956505 0.981621 0.700187 0.832371 0.905847 0.80168 1 0.997676 0.816616 1 1 0.831547 0.86345 0.880103 1 0.963634 0.861806 0.785411 0.933938 0.823966 0.611265 0.943138 0.542147 0.51982 0.524338 0.566373 0.627766 0.927182 0.928934 0.95827 0.825044 0.948005 0.888643 0.808268
0.805734 0.92123 0.783243 0.858853 0.989022 0.831074 0.936847 0.867248 0.835765 1 0.907382 0.832993 0.94912 0.965989 0.949352 0.915974 1 0.99057 0.915242 0.708474 0.934478 0.971041 0.932111 0.931794 1 0.909572 1 0.957041 0.908342 0.881336 0.977656 0.843858 0.866062 0.978441 0.962346 0.903974 0.804501 0.857398 0.911257 0.990101 0.997098 0.791781 0.82645 0.807757 0.86089 0.859805 0.816497 0.933074 1 0.965733 0.880704 0.753052 0.776742 0.668311 0.448603 0.698015 0.608046 0.597243 0.764187 0.905426 0.838514 0.872965 0.824096 0.844936 0.820651 0.963277
0.855209 0.926239 0.809102 0.929478 0.878954 0.926132 0.929908 0.844627 0.879467 0.905395 0.900628 0.921263 0.930651 0.991367 0.890786 0.795193 1 0.956832 1 0.970464 0.955191 0.836399 0.955042 0.978132 1 1 0.863432 1 0.904624 0.983683 0.761462 0.871106 0.907759 0.87634 0.974298 0.947522 0.881108 0.713859 0.96832 0.799031 0.776774 1 0.913567 0.956848 0.988423 0.974411 0.875496 0.851578 0.901924 0.93546 0.791651 0.889195 0.73984 0.520311 0.505475 0.725422 0.433116 0.681554 0.916608 0.806013 0.814155 1 0.827208 0.82121 0.886425 1
0.95889 0.85369 0.992151 0.879666 0.983635 0.825442 0.892324 1 0.895877 1 0.935904 1 0.828114 1 0.936873 0.974126 0.959554 1 0.92294 0.873197 0.98138 0.966532 1 0.794986 0.944071 0.914285 0.948512 0.991997 0.896131 1 0.870304 0.772208 0.92131 0.929474 0.897132 0.96194 0.903896 0.8211 1 0.854176 1 0.71426 0.969966 0.88548 1 0.879881 0.928189 0.86554 1 0.941601 0.86299 0.689092 0.919662 0.611152 0.627042 0.470735 0.519956 0.811227 0.790742 0.894617 0.823687 0.851711 0.893433 0.882923 0.843233 0.715486
0.918844 0.964251 0.936768 1 0.875389 0.979683 0.911356 1 1 0.958474 0.965774 0.873787 0.966807 0.954916 0.876766 0.802222 0.899225 0.984582 0.975931 0.906972 0.897408 0.895587 0.757864 0.907209 0.793361 0.937418 0.811248 0.962754 0.9842 0.930735 0.874579 0.922475 1 0.951345 0.871943 0.865762 0.857054 0.998435 0.964665 0.905441 0.874715 0.908532 0.912929 0.916306 0.903589 0.914511 0.982577 0.930198 0.971326 0.878771 0.777752 0.591935 0.485538 0.625076 0.703912 0.628624 0.537825 0.754036 0.777348 0.902188 0.826376 0.912251 0.942341 0.937466 0.90571 0.861849
0.833669 0.950176 0.900002 1 1 1 0.990882 0.949879 0.796718 0.929986 1 0.86715 0.944006 0.929492 0.947736 0.834632 0.799679 1 0.985505 0.977568 0.933176 0.845266 0.965207 0.883246 1 1 0.940123 0.980851 0.984815 0.93974 0.982524 0.941204 0.848629 0.993091 0.936256 0.855042 0.880841 1 0.985546 0.973793 0.891975 0.94645 0.959808 0.84921 0.92769 0.854593 0.949557 0.888234 0.850203 0.87317 0.894147 0.731707 0.704881 0.620515 0.641652 0.597495 0.684824 0.919055 0.791977 0.93862 0.914598 0.923013 0.864724 0.833033 1 0.950662
0.970241 0.988673 0.939462 1 1 0.947997 0.838719 0.871106 0.936149 0.954254 0.9103 0.919585 0.94652 0.932473 0.756299 0.87411 1 0.921053 0.949253 0.940368 0.950387 1 0.814453 0.973027 0.993846 1 1 1 1 0.891766 0.915598 0.910535 1 1 1 0.790029 0.870733 0.941865 0.922989 0.974337 0.87946 0.885165 0.907863 1 0.879677 0.791572 0.90208 0.960698 0.946204 0.988578 0.777939 0.694028 0.554355 0.684073 0.589469 0.811956 0.684396 0.794182 0.960741 0.91493 0.947834 0.986137 0.989333 0.862434 0.894923 0.838677
0.856117 0.892241 0.862664 0.982651 0.819842 0.931567 1 0.94109 1 1 0.939623 1 0.87879 0.820157 1 0.896926 0.961219 0.980746 0.900919 0.893313 0.993692 1 0.981606 0.899488 0.910566 0.895142 0.920375 0.900903 0.808156 0.962729 1 0.870908 0.969562 0.937366 0.819072 1 0.92445 0.927227 0.89531 0.962838 0.84205 0.904169 0.930983 0.860156 0.895474 0.941405 0.810037 0.767303 0.960925 0.893099 0.735381 0.538742 0.573182 0.4564 0.439494 0.690197 0.870805 0.826431 0.928512 0.803964 0.967452 0.96744 0.809663 0.892006 0.852665 0.925787
1 0.9872 0.918716 0.983525 0.901031 0.848564 0.863934 0.955467 0.93521 0.834798 1 1 0.950041 0.954061 0.869528 0.789803 0.995815 0.898576 0.827575 0.889323 0.964924 0.936798 0.975031 0.940823 1 0.941869 1 0.921859 0.823444 0.945326 0.920761 0.869972 0.890551 0.938789 0.90314 1 0.8543 0.919243 0.902591 0.927136 0.983316 0.960402 1 0.784779 0.999316 0.828841 0.814743 0.912784 0.87588 0.613015 0.754589 0.672238 0.510194 0.5558 0.767998 0.631545 0.828323 0.816212 0.835124 0.921832 0.904963 0.802847 0.91078 0.862489 1 0.956521
0.920641 0.910759 0.90993 0.948952 1 0.964336 0.872105 0.941005 0.948125 0.874851 0.980393 0.917192 0.849384 0.823588 0.917582 0.930241 0.953875 0.904839 0.990425 0.856538 0.84824 0.842711 0.835115 0.998648 0.991146 0.911283 0.960734 0.977982 0.994506 0.94395 0.786079 1 0.8643 0.931776 0.896681 0.979182 0.983575 0.82831 0.782737 0.955003 0.866576 0.914951 0.865497 0.995516 0.94899 0.940663 0.794668 0.856362 1 0.733455 0.647429 0.565979 0.625479 0.599456 0.729047 0.934291 0.883873 0.952029 0.959008 0.937474 0.809836 0.960009 0.870906 0.902795 0.858588 0.989237
