Proyectos/DeforestationModel/output/ndvi_2015.asc
ncols         300
nrows         300
xllcorner     273000
yllcorner     9.548e+06
cellsize      30
NODATA_value  -9999
[rows 116 to 144 of 300, columns 0 to 65 of 300]
0.793672 0.92627 0.83298 0.935474 0.927907 1 0.989133 0.947511 0.792815 0.90646 0.874637 0.791914 0.858948 0.911247 0.862618 0.935721 0.901164 0.756417 0.896914 0.73424 0.856677 0.675571 0.931118 0.909209 1 0.898425 0.774089 0.862943 0.823619 0.891603 0.806829 0.841716 0.964384 0.914844 0.80968 0.748024 0.88771 0.978029 1 0.919999 0.929497 0.86931 1 0.713362 0.466214 0.547731 0.521103 0.347937 0.549652 0.981058 0.930339 0.886882 0.911206 0.950463 1 0.958582 0.900316 1 1 0.871632 0.805544 0.921341 0.945619 0.967486 1 1
0.939612 0.90488 0.981742 0.989936 0.800272 0.826798 0.845512 0.941807 0.841406 0.823458 0.740513 0.895496 0.940531 0.895642 0.7542 0.937439 0.88388 0.927496 0.825157 0.780816 0.951634 0.835616 0.906175 0.908096 0.831731 0.88801 0.791231 0.870971 0.842447 0.892182 0.775732 0.864945 0.954083 0.796926 0.835448 0.862988 0.868467 1 0.870792 0.893456 0.849188 0.755412 0.965925 0.776958 0.392691 0.728686 0.591553 0.53664 0.623242 0.762764 0.83701 0.878687 0.871661 0.990695 0.894044 0.921441 0.920959 0.897314 0.837796 1 1 0.925288 0.955352 0.941456 0.969233 0.932131
0.805122 0.869544 0.909783 0.80619 0.967282 0.838074 0.908948 0.886842 1 0.878688 0.948802 0.837744 0.844734 0.933691 0.840641 0.844381 0.904956 0.728144 0.933464 0.899532 0.804795 0.960379 0.863388 0.822083 0.848837 0.881818 0.774781 0.970263 1 0.774902 0.753468 0.810802 0.846576 0.835121 0.92881 0.91208 0.83925 0.699221 0.847796 0.949266 0.858842 0.963602 0.827822 1 0.770445 0.655433 0.712081 0.454967 0.424751 0.826358 0.961295 0.942617 0.934005 0.920576 0.854115 0.861811 1 0.894624 0.979264 1 0.957458 0.898402 0.985567 0.836405 0.94131 0.914859
0.831133 0.925058 0.66718 0.926403 0.952109 0.814566 0.865922 0.824419 0.965459 0.854725 0.825082 0.90025 1 0.833869 0.939039 0.819954 1 0.936768 0.972857 0.95311 0.899706 0.974164 0.907703 0.877713 0.902768 1 0.857147 0.923577 0.731878 0.836678 0.96501 0.852677 0.886729 0.96658 0.911618 0.888417 0.905776 0.914184 1 0.959808 0.853266 0.833784 0.867277 0.989929 0.727453 0.758422 0.676569 0.544741 0.612006 0.456625 0.691956 0.989741 0.931727 0.912717 0.961191 0.864148 0.705124 0.856069 0.78 0.966489 0.975197 1 0.890269 0.933851 0.91661 0.782907
0.976217 1 0.820751 0.971243 0.926979 0.885336 0.898596 1 0.969064 0.8327 0.785509 0.813719 0.922508 0.942624 0.794744 0.998183 0.84887 0.677714 0.96479 0.836357 0.893699 0.806872 0.836168 0.825206 0.73581 0.788512 0.921714 1 0.803983 0.850079 0.781898 1 0.906851 1 0.978935 0.945877 0.934618 0.892572 0.69812 0.780074 0.902678 0.831231 0.877076 0.926315 0.985673 0.679333 0.608325 0.603146 0.455939 0.509704 0.632542 0.933294 0.969315 1 0.992758 0.97268 1 0.980709 0.935017 0.887777 0.815332 0.96927 0.980804 0.773243 0.921958 0.913614
0.980291 0.928252 0.859974 0.983975 0.857877 0.756379 0.771766 0.944624 0.909603 0.909648 0.840457 0.937884 0.864313 0.950686 0.864793 0.816651 0.9828 0.933169 0.815358 0.957961 0.941192 0.918907 0.887619 0.746032 0.937867 0.851612 0.979097 1 0.789872 0.904498 0.824088 0.85701 0.834805 1 0.947628 0.90361 0.973361 0.999583 0.921468 0.906117 0.827072 0.772442 1 0.941957 0.835392 0.912414 0.707743 0.727244 0.496116 0.449885 0.457208 0.595794 0.877797 0.859774 0.930388 0.947143 0.962669 0.899235 0.938537 0.948118 0.878752 0.983742 0.922598 0.907909 1 0.843229
1 0.877879 0.94739 0.871532 0.902029 0.836029 0.904484 0.875396 0.858899 0.812972 0.840036 0.963223 0.955345 0.836819 0.826599 0.990327 0.792454 0.867713 0.878186 0.723189 0.886715 0.79739 0.888219 0.935862 0.986268 0.933596 0.861402 0.872831 0.891266 0.761248 0.885674 0.855988 0.785366 0.75382 0.90255 0.809972 0.883233 0.903438 1 0.94106 0.992275 0.969744 0.906496 0.79938 0.870864 0.852084 0.622601 0.397914 0.425571 0.502413 0.431574 0.616855 0.824288 0.860242 1 0.876514 0.970603 0.976385 1 0.860343 0.861703 1 1 0.872935 1 0.882292
0.850727 0.977712 0.895163 0.990984 1 0.973119 0.902762 0.903149 0.893324 0.755057 0.787016 0.907474 0.93265 0.882677 0.924985 0.841735 0.932111 0.838714 0.943828 0.933044 0.761798 0.967397 0.813575 0.91441 0.888027 0.907167 0.866707 0.852868 0.830784 0.884854 0.867648 0.960836 0.948788 0.980724 0.877481 0.766914 0.961854 0.731997 0.815999 1 0.929698 0.790694 0.906897 0.886708 1 0.909266 0.997523 0.778372 0.541506 0.652003 0.432105 0.506183 0.697074 0.81452 0.996182 0.968951 0.801818 0.925272 0.906054 0.953716 0.991541 0.973536 0.903244 0.856756 0.889816 1
0.910855 0.919311 0.946755 0.900938 0.804356 0.719242 0.910245 0.806208 0.8013 0.727813 0.827986 0.859546 0.833176 0.929441 0.837905 0.795513 0.659462 0.823912 1 0.889925 0.811557 0.899154 0.949315 0.866155 0.965352 0.844378 0.884423 0.798714 0.833786 0.904338 0.868103 0.836097 0.839536 0.906742 0.911566 0.915192 0.948134 0.933655 0.815507 0.998324 0.989941 0.787239 0.96001 0.94398 0.813341 0.888932 0.976783 0.716719 0.80311 0.588134 0.537994 0.567714 0.657324 0.678844 0.85811 0.89742 0.887033 1 0.829218 0.866944 0.891349 0.962866 1 1 0.926783 0.895478
0.859624 0.875913 0.839463 0.874228 0.889693 0.880202 0.827228 0.925865 0.871896 0.932557 0.71474 0.914561 0.863057 0.829712 0.892331 0.911576 0.852616 0.891762 0.878346 0.869868 0.786251 0.853449 0.770928 0.808147 0.897793 0.796062 0.894228 0.989228 0.911632 0.826483 0.863291 0.992215 0.904628 0.846008 0.962159 0.939783 0.871693 0.965612 0.990109 0.839755 1 0.96773 0.832901 0.822468 0.813715 0.818999 0.858298 0.874232 0.688733 0.639741 0.473354 0.667036 0.544108 0.671204 0.820079 0.818785 0.967619 0.979078 0.871048 0.888886 0.92658 0.919859 0.925428 0.787184 0.954859 0.85184
0.827178 0.806333 0.831943 0.900773 0.968498 0.864698 0.835481 1 0.827046 0.854114 0.840296 0.871362 0.927695 0.870496 0.806106 0.806787 0.763441 0.944924 0.791547 0.821721 0.98438 0.818567 0.918511 0.828938 0.876541 0.872175 0.91033 0.906982 0.771629 0.716995 0.910644 0.937418 0.833689 0.86895 0.845764 0.97888 0.817106 0.945657 0.840835 1 0.98633 0.941693 0.964006 1 0.889875 0.926557 1 0.722418 0.609893 0.645625 0.429043 0.742207 0.43335 0.813218 0.778242 0.911946 0.967817 0.846393 0.941544 0.95852 1 0.908095 0.902464 0.946075 1 0.925853
0.666018 0.914262 0.8945 0.873573 1 0.886053 0.912916 0.865082 0.98592 0.91322 0.967754 0.745355 0.929628 0.727542 0.921255 0.861362 0.793598 0.803944 0.890506 1 0.90248 0.766686 0.809083 1 0.885703 0.893969 0.875221 0.946529 1 0.831898 0.81287 0.814684 0.980399 0.736651 0.862894 1 0.879921 1 0.785893 0.985133 0.840997 0.890582 0.87355 0.854323 0.93694 0.953496 0.716829 0.891867 0.998884 0.507368 0.685981 0.567329 0.630002 0.579437 0.582385 0.974347 0.969669 0.920319 0.857287 0.9683 1 0.865298 0.833778 0.793542 0.97016 0.83045
0.90696 1 0.809927 0.749435 0.879136 0.893327 0.952398 0.823195 0.950226 0.946303 0.823637 0.954252 0.861506 0.873808 0.937942 0.83087 0.97433 0.762281 0.796998 0.989098 0.882668 0.857539 0.847337 0.934513 0.987249 1 0.685072 0.995846 0.807598 0.889164 0.841471 0.802841 0.955881 0.918554 0.951977 0.912208 0.970896 0.866097 0.960689 0.768229 0.98837 0.981611 0.872974 0.908259 1 0.899904 0.984045 0.871287 0.9035 0.753133 0.678841 0.426868 0.575656 0.522736 0.720437 0.608714 0.84757 0.885256 0.976592 1 0.832366 0.807472 1 0.994368 1 0.817855
0.872736 0.906632 0.873056 0.905471 0.9316 0.912759 0.894614 0.911428 0.750572 0.909943 0.841197 0.945225 0.680609 0.887819 0.907449 0.830826 0.924315 0.808526 0.917026 0.929035 0.889718 0.992884 0.853317 0.925372 0.907093 0.88554 0.815786 0.863833 0.928833 0.82729 0.898099 0.753858 0.893751 0.973095 0.844962 0.920311 0.874313 0.990803 1 0.843662 0.809118 0.839667 0.819828 0.988272 0.915499 0.920781 0.967681 0.784164 0.964366 1 0.727125 0.653769 0.604208 0.662005 0.557748 0.871863 0.939678 0.951674 0.923598 0.867878 0.955683 0.879943 0.841085 0.959428 0.962759 0.959026
0.83433 0.968919 0.866532 0.846171 0.869224 0.954731 0.86017 0.857737 0.90294 0.845154 0.941345 0.96167 0.942066 0.860226 0.738925 0.897284 0.80054 0.849262 0.855332 0.879703 0.893424 0.905385 0.903907 0.853654 0.840235 1 0.941372 0.844957 0.886051 0.977741 1 0.847282 0.96294 0.830977 0.890254 0.814263 0.891936 1 0.95575 1 0.98123 0.824844 1 0.832802 0.868706 0.945903 0.919586 0.874307 0.919839 0.889433 0.613801 0.691702 0.643931 0.556177 0.393026 0.678598 0.608004 0.857451 0.975348 0.89062 0.979097 0.908129 0.834159 0.892876 0.733862 0.967038
0.888569 1 0.686965 0.775602 0.722343 0.855879 0.94122 0.866324 0.895622 0.835805 0.752757 0.922059 0.983729 0.893784 0.877136 0.867979 0.98302 0.941485 0.852813 1 0.969916 0.862576 0.947248 0.889143 0.900951 0.891343 0.862798 0.827634 0.768772 0.915783 0.878985 0.804228 0.750012 0.919709 0.670119 0.919603 1 0.950269 0.958881 0.982294 0.902517 0.888258 0.82789 0.972058 0.864692 0.969957 0.917887 0.916873 0.923049 1 0.845712 0.578559 0.431584 0.625464 0.338695 0.473716 0.834395 0.95298 1 1 0.93874 0.810399 0.855762 0.87086 1 0.964466
0.935907 0.873672 0.859638 0.938021 0.906344 0.869508 0.779397 0.982814 0.890551 0.885126 0.832374 0.869138 0.713722 0.809624 0.822207 0.81002 0.824908 0.884901 0.957924 0.886107 1 0.939268 0.823355 1 0.905024 0.905938 0.833648 0.780065 0.940616 0.957709 0.711476 0.948836 0.910847 0.921056 0.855551 1 0.896363 0.862901 1 0.783726 0.944233 0.848971 0.981808 0.950911 0.827792 0.859729 0.909591 0.794971 0.985704 0.924501 0.99978 0.629394 0.439501 0.841175 0.442922 0.658076 0.652596 0.684042 1 0.921248 0.938637 0.99188 0.977063 1 0.95393 1
0.952938 0.980174 0.736522 0.94198 1 0.853543 0.905495 0.885894 0.773923 0.918998 0.865912 0.895398 1 0.938702 0.888129 0.864987 1 0.854013 0.945382 0.861652 0.804349 0.889778 0.8827 0.918723 0.917906 0.985704 1 0.885991 0.946162 0.947622 1 0.904902 0.919184 0.945671 0.88102 1 0.854222 0.866947 0.830521 0.91614 0.958629 0.951409 0.929926 0.967664 0.80099 0.918302 0.926854 0.947762 0.893021 0.799319 0.965811 0.641867 0.734206 0.599437 0.668444 0.459269 0.582017 0.740805 0.98319 1 0.990697 0.837417 0.881814 0.858407 0.802032 1
0.901399 0.884389 0.85805 1 0.970697 0.757245 0.840404 0.940619 0.923102 1 0.820339 0.782631 0.902903 0.797934 0.766244 0.889784 0.920122 0.961691 0.864736 0.867469 0.910466 0.96625 0.869257 0.70277 0.897542 0.876423 0.968428 0.881036 0.879703 0.844589 0.823744 0.98723 0.923839 0.963688 0.805055 0.863892 0.93793 1 0.986947 1 0.910837 0.931752 0.961891 0.876184 0.780928 0.947329 0.81027 1 0.839796 0.850206 0.945533 0.990969 0.85504 0.645572 0.586457 0.541444 0.511971 0.669932 0.658402 0.840498 0.817625 0.940743 0.888827 0.981088 0.815802 0.910564
0.908962 0.96644 0.793033 0.910156 0.952597 0.995815 0.838148 0.746823 0.876902 0.885122 0.862459 0.916312 0.873428 0.829298 0.668955 0.801896 0.819479 0.800875 0.950195 0.889418 0.905114 0.940776 0.91312 0.933619 0.873126 0.837961 0.96871 0.853061 0.966304 0.925514 0.938038 0.938514 0.942131 0.883663 0.971124 0.904195 0.998554 0.970431 0.932584 0.857131 0.724721 0.877452 1 0.846743 0.871495 1 0.982476 0.923608 0.861419 0.83304 0.882075 0.806485 0.786622 0.614161 0.516014 0.51537 0.410566 0.756468 0.714437 0.831316 0.88596 0.937013 0.972145 0.989917 0.759738 0.812833
0.939066 0.829405 0.910767 0.928373 0.885823 0.878084 0.912947 0.921945 0.840509 0.90327 0.753262 0.778704 0.825597 0.7757 0.945961 0.89518 0.786468 0.82029 0.909517 0.800539 0.738997 0.845657 0.935611 0.765936 0.904932 0.850759 0.901118 0.838881 0.962186 0.882482 0.882051 0.877347 0.821477 0.960244 0.962665 0.971621 0.930299 0.668124 0.972963 0.994414 1 0.886159 0.872299 0.832164 0.892661 0.95804 0.938532 0.934748 0.911022 0.870962 1 1 0.79196 0.684816 0.646373 0.465274 0.626577 0.535763 0.754415 0.86823 0.893636 0.867754 1 1 1 0.869373
0.93409 0.786856 1 0.977364 0.837922 0.836628 0.832846 0.84917 0.913208 0.767667 0.836103 0.853629 0.857695 0.885546 0.821662 0.835831 0.920341 0.8831 0.862333 0.804751 0.936729 0.845369 0.897613 0.949223 0.938728 0.93675 1 1 0.90571 0.933957 0.901324 0.931696 0.899897 0.930389 0.948964 0.995969 0.967661 0.965984 0.871396 0.865799 0.967572 0.864459 0.974747 0.813506 1 0.875315 0.843587 0.923146 0.928655 0.83252 1 0.846156 1 0.878303 0.511785 0.36888 0.592395 0.455676 0.596267 0.813415 0.963284 0.897041 0.873088 1 0.995744 0.895561
0.727769 0.886746 0.759632 0.825384 0.825317 0.964163 0.890651 0.920689 0.826467 0.965922 0.855137 0.931116 0.7723 0.911037 0.836836 0.834104 0.986514 0.979216 0.986457 0.854417 0.86384 0.836716 0.951699 0.856097 0.789981 0.941659 0.955088 0.979551 0.803067 0.94633 0.895453 0.949017 0.784834 0.880595 0.889705 0.929873 0.860076 0.916479 0.901697 0.899241 0.865917 0.909919 0.961727 0.971501 0.886701 0.894755 0.84241 0.922647 0.946784 0.952651 1 0.893975 0.940745 0.792207 0.583982 0.540755 0.394825 0.4282 0.620803 0.684845 0.930126 0.940208 0.920414 1 0.846919 0.990759
0.797653 0.874279 0.842059 0.881976 0.934618 0.747037 0.779725 0.921517 0.8805 0.799905 0.817207 1 0.860917 0.908286 0.921612 0.913985 0.931223 0.960296 0.872651 0.790834 0.878176 0.88483 0.89054 0.981748 0.858154 0.875075 0.933586 0.943872 1 0.750938 0.967623 0.893513 1 0.863382 0.96759 1 0.965157 1 0.810308 1 0.832278 0.845939 0.858028 0.949392 0.969885 0.987312 0.901125 0.923988 0.95898 0.965204 0.930415 0.917831 0.922768 0.789172 0.679802 0.68387 0.677837 0.500974 0.590332 0.760692 0.920261 0.907686 1 1 0.885938 0.933128
0.760923 0.864654 0.962772 0.972689 0.92204 0.900651 0.929235 0.927813 1 0.87289 0.846095 0.919076 0.924975 0.782424 0.901197 0.748925 0.900311 0.813269 0.927869 0.842819 0.866522 0.780532 0.989945 0.857676 0.911138 0.925115 1 1 0.886319 0.894106 0.815519 0.86648 0.791987 0.959576 0.991486 0.897953 0.987482 0.931538 0.916937 0.945707 0.910956 1 0.868378 1 0.90369 0.935212 0.836761 0.81294 0.885483 0.904735 0.922926 0.897478 0.95748 0.905535 0.62089 0.491679 0.363943 0.729048 0.585306 0.525742 0.640515 0.983767 0.843646 0.972243 0.998658 0.917917
0.951854 0.786022 0.765864 1 0.701286 0.941744 0.838554 0.917506 0.882681 0.952591 0.839582 0.788275 0.87269 0.916727 0.855588 0.878068 0.852479 0.869811 1 0.8784 0.847844 0.888351 0.874538 0.868179 0.917471 0.903331 0.814014 0.851953 1 0.966568 1 0.784771 0.884512 0.878301 0.890491 0.89536 0.905459 0.790898 1 0.941877 0.878431 0.966518 0.854446 0.884541 0.930197 0.976596 0.919175 0.970357 0.924274 0.898079 0.826426 1 0.840297 0.89914 0.666503 0.482558 0.365608 0.488161 0.582088 0.520386 0.652474 0.814722 0.737472 0.949043 0.897946 0.952516
0.807542 0.873688 0.800279 0.966201 0.808192 0.861013 0.814672 0.840262 0.863349 0.899693 0.871539 0.774778 0.87379 0.84855 0.980011 0.956843 0.899872 0.925516 0.898297 0.871626 0.772826 0.990574 0.924567 1 0.981129 0.886301 0.91443 0.797085 0.88091 0.792722 0.930133 1 0.727669 1 1 0.95459 0.880706 0.906131 0.909671 0.86017 0.959254 1 1 1 0.88263 1 0.933141 0.931835 0.903559 0.918762 0.878966 0.918019 1 0.96991 0.796657 0.521527 0.446062 0.408312 0.564162 0.441687 0.698494 0.836363 1 0.835332 1 0.955772
0.780394 0.741324 0.890118 0.942035 0.842665 0.805531 0.74535 0.830804 0.78643 0.798761 0.93919 0.83392 0.883985 0.996818 0.778562 0.921244 0.94724 0.833735 0.957223 0.852749 0.884799 0.944504 0.972998 0.878954 0.842936 0.897588 0.920628 1 0.979043 0.845136 0.816522 1 0.992823 0.900522 0.924032 1 1 0.986457 0.830415 0.954461 0.893014 0.949037 0.919805 1 0.913971 0.834639 0.943054 0.894375 1 0.882418 0.998346 0.865577 0.853285 0.804155 0.806122 0.856939 0.62032 0.545424 0.408255 0.510422 0.808307 0.956732 0.734969 0.856658 0.916015 0.989954
0.846386 0.915259 0.865025 0.926737 0.989674 0.951491 0.906598 0.839046 0.783658 0.804443 0.885588 1 0.976074 0.868065 0.930134 0.966528 0.833016 0.926739 0.884405 0.834269 0.800428 0.834097 0.871591 1 0.9403 0.84341 0.907428 0.878303 0.952819 0.918053 1 0.977636 0.939776 1 0.899703 1 0.913104 1 0.875789 0.801984 0.996433 0.87285 0.916675 0.986824 0.941484 0.907997 0.974726 0.883952 0.910608 0.859473 0.831051 0.970965 1 1 0.667805 0.805915 0.763926 0.621494 0.481599 0.478703 0.778012 0.872825 1 0.806899 0.93728 0.820942
