Proyectos/DeforestationModel/output/ndvi_2025.asc
ncols         300
nrows         300
xllcorner     273000
yllcorner     9.548e+06
cellsize      30
NODATA_value  -9999
[rows 87 to 115 of 300, columns 130 to 194 of 300]
0.930215 0.816221 0.977694 0.902438 0.55582 0.50891 0.588449 0.474052 0.47424 0.56159 0.568617 0.619389 0.523136 0.417087 0.608865 0.513621 0.448913 0.593793 0.998974 1 0.90502 0.897033 1 0.684221 0.991194 0.803979 0.839925 0.901189 0.858904 0.762805 0.881173 0.905619 0.911533 0.742678 1 0.95831 0.892987 0.967658 1 0.841197 0.711618 0.799408 0.967634 0.742712 0.99482 0.847967 0.990367 0.780536 0.933906 0.867771 0.861948 0.869671 0.853372 0.92902 0.77817 0.94981 0.971417 0.767442 0.850096 0.857527 0.822327 0.849539 0.822556 0.762616 0.887042
0.980582 0.97931 1 0.530534 0.457875 0.571984 0.53907 0.604352 0.692163 0.500559 0.558984 0.419068 0.639117 0.410517 0.579049 0.496347 0.540662 0.487401 0.433441 1 0.960454 0.877869 1 0.91346 0.910565 0.808111 0.947967 0.977574 0.957489 0.952389 0.930433 0.897709 1 0.845001 0.967254 0.866084 0.966207 0.865921 0.864694 0.883039 0.857165 0.867359 0.741452 0.738042 0.743056 0.847 0.690541 0.658433 0.903333 0.961503 0.880529 0.817533 0.946339 0.897451 0.714469 0.898578 0.826371 0.717393 0.981322 0.875213 0.893895 1 0.877925 0.887221 0.888358
0.904 0.877981 0.470386 0.652479 0.478296 0.600097 0.521638 0.555449 0.651003 0.568792 0.628609 0.682279 0.550348 0.665204 0.647729 0.409234 0.686768 0.62062 0.477903 0.572555 0.927435 0.957746 1 0.925428 0.940388 0.922024 0.940165 0.889209 0.876832 0.769844 1 0.961723 0.947201 0.888382 0.853472 0.875853 0.899986 0.940119 0.700166 0.944548 0.854172 0.882454 0.980545 0.922549 0.961244 0.798099 0.863977 0.822999 0.763428 0.852292 0.844083 0.978937 0.996213 0.846638 0.87673 0.818793 0.749267 0.833469 0.871412 0.83482 0.84914 0.971687 0.879498 0.866814 0.864132
0.941604 1 0.483489 0.68708 0.505052 0.651421 0.528101 0.465189 0.365199 0.494099 0.55112 0.635229 0.612275 0.559603 0.387477 0.542082 0.584723 0.356026 0.529862 0.474793 0.896686 0.955692 1 0.966696 0.977688 0.876886 0.932727 0.951714 0.853284 0.910709 0.977791 1 0.838593 0.975609 0.783728 0.959993 0.801472 0.958834 0.91297 0.928201 0.853479 1 0.970146 0.825888 0.841322 0.888379 0.998959 0.873748 0.931816 0.787642 1 0.955602 0.862113 0.769349 0.831224 0.969744 0.808609 0.903294 0.811419 0.834801 0.817726 1 1 0.850678 0.943728
0.853283 0.649347 0.616354 0.479226 0.651638 0.616322 0.553979 0.606153 0.606927 0.591693 0.760766 0.607107 0.442365 0.595863 0.607797 0.50989 0.51553 0.60452 0.581402 0.425226 0.485416 0.967828 0.864146 0.938616 0.911626 0.816576 1 0.838281 0.938588 0.952155 1 0.997187 0.891496 0.895883 0.864748 0.917469 0.897884 0.920245 0.86897 0.911109 0.943936 1 0.892104 0.853895 0.905823 0.754091 0.987534 0.806189 0.995511 0.852921 0.929674 0.71635 0.973596 0.856398 0.910832 0.680332 0.817203 0.744742 0.796147 0.76047 0.913513 0.997765 0.874301 0.769757 0.875414
0.410638 0.552878 0.600263 0.588739 0.607905 0.570008 0.548897 0.664537 0.405068 0.50382 0.640531 0.510654 0.425204 0.66684 0.509014 0.607726 0.696539 0.558677 0.454621 0.627125 0.476288 0.436522 0.926763 0.836083 1 0.890757 0.92886 0.946597 0.915216 0.863461 0.880664 0.892581 0.852339 0.929475 0.907449 0.942085 0.949312 0.791894 0.783791 0.735146 0.796471 0.898139 0.921634 1 0.919632 0.951579 0.934728 0.8732 0.95047 0.851998 1 0.874701 0.813976 0.814587 0.864943 0.8726 0.694117 0.996775 0.773904 0.895315 0.734878 0.910152 0.780091 1 0.871182
0.508403 0.505722 0.662851 0.666653 0.671577 0.433035 0.380427 0.503517 0.503139 0.690863 0.497123 0.600856 0.509487 0.620928 0.526494 0.598514 0.582318 0.502909 0.436658 0.57328 0.554202 0.687178 0.430885 0.908451 0.813166 0.932732 0.895215 0.909154 0.849886 0.98931 0.994233 0.89057 0.84001 0.876397 0.93141 0.985707 0.832548 0.786011 0.86679 0.755268 0.9609 0.934696 0.843641 0.922615 0.840579 0.772034 0.891612 0.903287 1 0.801827 0.945497 0.807751 0.882402 0.871346 0.883698 0.763889 1 0.896744 0.868447 0.9034 0.696897 0.893149 0.88856 0.837192 0.881349
0.472513 0.414824 0.49302 0.635899 0.493451 0.66958 0.646587 0.681812 0.542045 0.555028 0.540897 0.604016 0.480588 0.482793 0.579094 0.393224 0.570497 0.574684 0.431428 0.602123 0.611248 0.442024 0.464337 0.878567 0.841133 0.943824 0.912289 0.890985 0.92077 1 0.789185 0.885187 0.90761 0.916505 0.857664 0.874032 0.986885 0.890232 0.865679 0.943616 1 0.905054 0.895181 0.763308 0.722618 0.800195 0.952815 0.768249 0.886519 0.837043 0.851025 0.794043 0.907515 0.887438 0.908954 0.837256 0.814267 0.844856 0.82784 0.882995 0.78314 0.844977 0.851785 1 0.839529
0.578618 0.539606 0.634423 0.547738 0.372609 0.552035 0.632095 0.870993 0.866646 0.896807 1 0.966804 0.978448 1 0.853621 0.683956 0.454959 0.429843 0.655622 0.600796 0.499737 0.693775 0.431951 0.724827 0.917123 1 0.949176 0.932979 0.795271 0.981741 0.949885 0.92397 0.780056 0.966585 1 0.886457 0.936038 0.748319 0.921571 0.893698 0.733597 0.814806 0.822615 0.835464 0.988487 0.817606 0.903624 0.902029 0.872724 0.891336 0.869334 0.787155 0.788975 0.931343 0.850173 1 0.751103 1 0.934212 0.963503 0.952326 0.835287 0.892911 0.945424 0.757456
0.587758 0.480155 0.490105 0.687074 0.469077 1 1 0.823205 0.99753 0.989736 0.830853 0.977 1 1 0.853482 1 0.82537 0.470346 0.470104 0.508543 0.468048 0.488486 0.522824 0.532078 0.537014 0.904143 0.898033 1 0.914748 1 0.851831 0.891598 0.901191 1 0.814311 0.801539 0.983321 0.789724 0.818641 0.924793 0.907452 0.829469 0.916359 0.940498 0.957374 0.84565 1 0.810128 0.770034 0.853958 0.862998 0.946085 0.918508 0.804516 0.847744 0.738347 0.918944 0.914436 0.956554 1 0.834475 0.864697 0.801692 0.884234 1
0.610482 0.452214 0.701607 0.585877 0.943259 0.816862 0.85818 0.973175 0.999496 1 0.946343 0.965203 1 0.779036 0.922764 0.81188 0.893222 0.950848 0.501657 0.578313 0.628418 0.424133 0.565675 0.478549 0.458112 1 0.936248 0.862813 0.836125 0.897828 0.963238 0.757341 0.846347 0.887303 0.888457 0.968515 0.793545 0.916498 0.89566 0.862759 0.863971 0.827735 0.830629 0.763604 0.94122 0.818143 0.871151 0.859161 0.932501 0.846415 0.781265 0.892434 0.825667 0.77838 0.871254 0.85872 0.684599 0.827859 0.789691 1 0.925609 0.885614 0.781571 0.818162 0.882206
0.671029 0.684505 1 0.941845 0.952812 0.885554 0.995382 1 0.829608 0.99114 0.904914 0.931772 1 0.953587 1 0.995755 0.914627 0.888429 0.904526 0.560035 0.365372 0.540232 0.527492 0.602195 0.421542 0.649289 0.843393 0.97066 0.846268 0.939286 0.850137 0.94999 0.803818 0.793498 0.901072 0.82691 0.931236 0.89582 0.888515 0.86526 0.95105 0.862493 0.838361 0.850531 0.879227 0.948817 0.993383 0.846363 0.947421 0.693936 0.953132 0.823947 0.819766 0.913263 0.897687 0.972429 0.93056 0.877844 1 0.878974 0.783128 0.96577 0.748724 0.822566 0.873245
0.69879 0.871819 0.835951 1 0.896569 0.836617 0.865635 0.923571 0.937081 0.977295 0.95607 0.887653 0.805553 0.970989 0.970825 0.999601 0.969885 0.936355 0.974455 0.896021 0.96986 0.501755 0.535535 0.548181 0.476582 0.584582 0.48889 1 0.965883 0.948604 0.907118 0.898692 0.9084 0.967547 0.782518 0.8858 0.921478 0.947797 0.940425 0.676557 0.839977 0.946913 0.968235 0.957132 0.828678 0.854616 0.956559 0.890681 0.714799 0.89716 0.78901 0.987874 0.872904 0.957359 0.797123 1 0.924181 0.930753 0.74667 0.849932 0.776169 0.92888 0.795585 1 0.858383
0.991636 1 0.932317 0.894973 1 0.857791 0.967178 0.859646 0.970266 0.966958 0.977763 0.9255 0.957439 0.905715 0.809864 0.980744 0.861628 0.950607 0.941829 1 0.924424 0.950551 0.521925 0.586611 0.541354 0.414183 0.665947 0.842114 0.951264 1 0.898308 0.915507 0.870432 0.934285 0.843277 0.865621 1 0.992595 1 0.769076 0.899618 0.802145 0.754327 0.981738 0.931031 1 0.981521 0.899068 1 0.810351 0.921805 0.814148 1 0.873594 0.850709 0.841927 0.911867 0.808238 1 0.931623 0.831097 0.911467 0.920055 0.797676 0.903394
0.907277 1 0.939859 0.950676 0.915486 0.814088 0.912177 1 1 0.884686 1 1 1 0.922156 0.96525 0.848453 0.898757 0.94642 1 0.885734 0.928976 0.828599 0.915574 0.654532 0.442352 0.668281 0.563619 0.617084 0.976845 0.854751 0.889943 0.813598 0.839914 1 0.976852 0.899985 0.967428 0.878304 0.939661 0.867736 0.899016 0.720636 0.866543 0.906476 0.796716 1 0.865173 1 0.752382 0.873057 0.929777 0.968537 0.943023 0.915186 0.863241 0.96291 0.890875 0.824067 0.808168 0.859694 0.881909 0.975906 0.841727 0.924226 0.888507
1 0.9587 0.957529 0.872942 0.803228 0.975475 0.891832 1 1 0.895264 1 0.955875 0.923642 0.895418 0.982114 1 0.846194 0.818061 0.899627 0.941106 0.963077 0.914843 0.941879 0.431875 0.525464 0.671912 0.477365 0.635225 0.400772 0.85946 0.866455 0.934504 0.987246 0.941852 0.842448 1 0.909865 0.961032 0.933025 0.898469 0.913647 0.897966 0.826598 0.888391 0.776187 0.960977 0.823017 0.820894 0.810435 0.892844 0.977492 0.934861 0.777002 1 0.870113 0.954799 0.872632 0.885733 0.897934 0.83086 0.81304 0.889794 0.836817 0.953684 0.799107
0.959385 1 1 0.830661 0.950553 0.807445 0.98074 1 0.894681 0.920903 0.982239 0.916099 0.994101 0.91401 0.83358 1 0.905329 0.982399 0.806577 0.936417 1 0.889014 0.9276 1 0.674413 0.471075 0.498048 0.608526 0.583115 0.925173 0.798666 0.846035 0.921307 0.897695 0.968141 0.913477 0.893382 0.836699 0.863377 0.924608 0.979331 0.780583 1 1 0.920776 0.899842 0.976676 0.910254 0.871629 0.910329 0.921159 0.854913 0.90054 0.768853 0.768226 0.742728 0.803686 0.827272 0.766544 0.928535 0.855834 0.822566 0.885514 0.882848 0.894633
1 0.913345 1 0.972769 0.984672 0.898054 0.878049 1 1 1 0.932767 1 0.962636 0.969187 0.8789 0.941656 0.940721 1 0.873121 1 0.846343 0.989719 0.862517 0.93949 0.974464 0.471473 0.54655 0.69292 0.58777 0.672712 0.960633 0.941142 0.899652 0.831516 0.653617 0.891057 0.807211 0.958108 0.872005 0.793443 0.928823 0.884493 0.886061 0.937091 0.861873 0.925492 0.84643 0.803908 0.82467 0.832444 0.97238 0.838002 1 0.79844 0.900138 0.886381 0.914099 0.827883 0.833349 0.952581 0.809782 0.969524 0.96578 1 0.835317
0.885645 1 1 1 0.883933 0.902495 0.937393 0.919691 0.922683 0.839115 0.92828 1 0.865743 0.948902 0.893603 0.827773 0.960549 1 1 0.947415 0.832905 0.961738 1 0.929543 0.879877 0.886447 0.624732 0.547077 0.679571 0.463362 0.558641 0.935645 0.717962 0.986625 0.886693 0.846767 0.955942 0.867982 0.847135 0.975193 0.684249 0.826636 0.920586 0.760763 0.916804 0.887297 0.828434 0.884247 0.813763 0.820684 0.938804 0.875482 0.834442 0.935847 0.742619 0.94419 0.820092 0.875797 0.970882 0.853255 0.888239 0.96071 0.879968 1 0.850761
0.909305 1 0.884568 0.99691 0.851149 0.912327 0.927798 0.911855 0.901628 0.881888 0.937648 0.843402 1 0.99815 0.880915 0.973298 0.964616 0.962452 0.794193 0.888092 0.869862 0.944698 0.861314 0.912784 0.98954 0.981321 0.908506 0.485192 0.496162 0.607744 0.529878 0.862996 0.959605 0.786693 0.910938 0.944713 0.863631 1 0.928442 0.747016 0.937955 0.873919 0.843944 0.886082 0.950035 0.954947 0.900673 0.776721 0.870466 0.926234 0.777897 0.976052 0.891714 0.939277 0.879243 1 0.954604 0.983827 0.894761 0.845267 0.830567 0.885583 0.970173 0.879938 0.915665
0.968667 0.909645 0.991969 0.957609 0.944172 0.927101 0.948753 0.998182 0.858634 0.992288 0.980968 0.977975 1 1 0.905916 0.816933 0.96791 0.910991 0.953585 0.873639 0.823109 0.877577 0.907427 0.89009 0.886881 0.854344 0.926623 0.992558 0.505566 0.548566 0.684625 0.531938 1 0.917001 0.969418 0.794936 0.840635 0.866356 0.94556 0.920388 0.902364 0.849405 0.806941 0.94043 0.908071 0.812425 0.864463 0.866733 0.921656 0.950896 0.904979 0.884997 0.900907 1 0.850437 0.956209 0.972353 0.930569 0.785863 0.9002 0.887871 1 0.855084 0.852713 0.842294
0.958875 0.797074 0.88972 0.979836 0.915422 0.99164 0.959658 0.973309 1 0.824249 0.990336 0.990231 0.883357 0.862778 0.864137 0.895357 0.951479 0.819616 0.916987 0.899254 0.9629 0.988708 0.816138 0.866041 1 0.915356 0.951861 0.93705 0.463076 0.651317 0.507975 0.649554 0.58027 0.904329 0.874057 0.886388 0.87619 0.987463 0.820526 0.963865 1 0.895046 0.848352 0.885382 0.87898 0.862207 0.922688 0.855641 0.947934 0.789748 0.862584 0.827509 0.796211 1 0.858037 0.839196 0.912107 0.839818 0.900148 0.853151 0.932221 0.952592 0.864808 0.916874 0.92953
0.906312 0.922082 0.975717 0.9059 0.942832 0.786514 0.888528 0.95267 0.876541 0.985589 0.950421 0.919506 1 0.963743 0.861568 0.93261 0.946162 0.998473 0.880907 0.925236 1 0.868813 0.972903 0.902203 0.899752 0.879348 0.907914 0.842846 1 0.566563 0.642304 0.579039 0.606613 0.906916 0.962196 0.817513 0.839146 0.829523 0.994006 0.791178 0.766245 0.876774 0.882718 0.745417 0.996555 0.948058 0.813916 0.866535 0.836302 0.964004 0.842538 0.855601 0.85037 0.8976 0.737942 0.933009 0.885706 0.960199 0.90851 0.872356 0.845253 1 0.864967 0.723884 0.919456
0.878538 1 1 1 0.86912 0.92521 1 1 0.980788 1 0.88362 0.868447 0.956422 0.905357 1 0.912625 0.874365 1 0.931739 0.905139 0.994656 0.935271 1 0.836562 0.857289 0.842892 0.855127 0.766018 1 0.899462 0.478476 0.812743 0.631859 0.540468 0.958372 0.896993 0.983103 0.940589 0.970382 0.89037 0.837922 0.856201 0.841233 0.936806 0.969611 0.888221 0.964504 0.893087 0.830382 0.968689 0.715491 0.874206 0.975188 0.920336 0.974133 0.928124 0.866428 0.960838 0.7572 1 0.995699 0.990796 0.808466 0.838276 0.964021
0.847834 1 0.986675 0.806959 0.89005 0.97525 0.87707 0.876225 1 0.89808 0.895558 0.885654 0.886634 0.936855 0.865428 0.910651 1 1 0.943735 1 1 1 0.769667 0.968709 0.88098 0.901012 0.947007 0.827716 0.931272 0.869747 0.558623 0.52842 0.632252 0.468419 0.724632 0.721831 0.951268 0.799095 0.954675 0.964199 0.917207 0.906382 0.786518 0.926051 0.955806 0.928642 0.988385 0.86713 0.825472 0.945476 0.733049 0.898767 0.959108 0.952398 0.810564 0.996842 0.838464 0.958402 0.800259 0.938921 0.93165 0.913633 0.85123 0.886105 0.958549
0.865855 0.904384 1 0.829895 1 1 0.883817 0.827457 0.824672 0.959027 0.983632 0.974433 0.953751 1 0.875173 0.959552 0.954399 0.962637 0.906246 0.928771 0.910788 0.799537 0.904253 0.851231 0.873562 1 0.82732 0.947826 0.849326 0.867351 0.924235 0.426249 0.69303 0.512074 0.68485 0.883785 0.978905 0.877292 0.913557 0.795898 0.823731 0.974076 0.812738 0.936683 0.741827 0.869074 0.932077 0.98337 0.982873 0.973374 0.935855 0.988101 0.935513 1 0.919236 0.846446 0.966422 0.898396 0.994674 1 0.970188 0.965635 0.967675 0.957631 0.905476
0.950942 0.848854 0.965767 0.905802 0.923133 0.962978 1 0.872957 0.873147 0.889137 0.934417 1 0.883514 0.952649 0.854649 0.976358 0.846622 0.901164 1 0.798089 0.984692 0.854095 0.919103 0.915128 0.874569 0.96586 0.97859 0.890311 0.886378 1 0.910723 0.877828 0.832581 0.563816 0.452057 0.588804 0.869728 0.88917 0.885404 0.929948 0.874919 0.911753 0.838491 0.827335 0.963905 0.926701 0.901319 1 0.882382 0.803459 0.840883 0.891035 0.803819 0.863107 1 0.739409 1 0.921742 0.837213 0.867325 0.967695 0.925171 0.865687 0.977333 0.960429
0.912096 0.962424 1 0.815946 0.837497 0.903823 1 1 0.97249 0.952552 0.849965 0.928881 0.985353 0.921958 0.902786 0.880306 0.785015 0.766416 0.896206 0.988734 0.94053 0.958224 0.894834 0.84384 0.800374 0.931001 0.780551 0.886472 0.882524 0.815364 0.865325 0.750414 0.933775 0.712439 0.511206 0.59821 0.58772 0.961311 0.894866 0.907646 0.862395 1 0.893292 0.780624 0.98314 0.943087 0.919369 0.815137 0.93638 0.938831 0.884885 1 0.806942 0.797782 0.981122 0.975055 0.918912 0.853099 0.944215 0.895232 0.96463 0.829612 0.945193 0.949316 0.997375
0.885675 0.958388 0.91854 1 0.864018 0.998662 0.909207 1 0.889664 1 1 0.841526 0.953224 0.839167 0.865929 0.939297 0.836495 0.824901 0.885349 0.957908 0.958506 0.939966 0.87523 0.871965 0.930918 1 0.745953 1 0.837691 0.981803 0.750152 0.811301 0.801111 0.502289 0.451682 0.529069 0.476244 0.96433 0.959847 0.996336 0.925879 0.877526 0.714831 0.990233 0.876861 0.997561 0.863842 0.996561 0.942796 0.930838 1 0.855387 0.901631 0.797079 0.995007 0.788995 0.844777 0.89673 0.950943 0.752013 0.963017 0.980592 0.907988 0.914396 0.892404
