Proyectos/DeforestationModel/output/ndvi_2015.asc
ncols         300
nrows         300
xllcorner     273000
yllcorner     9.548e+06
cellsize      30
NODATA_value  -9999
[rows 29 to 57 of 300, columns 0 to 65 of 300]
0.94665 0.982652 0.96005 0.951474 0.85 0.91949 0.815447 0.931973 0.918026 0.924579 1 0.893944 1 0.963922 0.830995 0.884738 0.863514 0.90858 0.864738 0.811086 0.815265 0.859522 0.895261 0.915732 0.88118 0.740319 0.64862 0.75505 0.761755 0.757649 0.812799 0.784556 0.739583 0.961529 0.803622 0.813176 0.797141 0.811008 0.79985 0.717707 0.645346 0.870797 0.87711 0.650937 0.813847 0.895489 0.65801 0.58162 0.649621 0.662069 0.398021 0.608771 0.925013 0.882823 1 0.987359 0.842903 1 0.948618 0.993809 0.946341 1 0.89874 1 0.932324 1
0.905572 0.997028 1 1 0.827987 0.913761 0.894453 0.833146 1 0.823737 0.913993 0.974478 0.991979 0.88152 0.994462 0.859825 0.746645 0.822311 0.961132 0.858886 0.761085 0.831264 0.883918 0.838852 0.809092 0.794652 0.881763 0.76915 0.915647 0.908954 0.782768 0.663244 0.87546 0.842656 0.748071 0.694653 0.833493 0.899895 0.803577 0.763378 0.824322 0.970235 0.75426 0.945367 0.942466 0.750402 0.645285 0.556928 0.5356 0.599225 0.48259 0.892301 1 0.956185 1 0.992352 0.915379 1 1 0.984485 0.91133 0.911047 0.914236 1 0.95556 0.934299
0.890092 0.956513 0.937317 0.919091 0.83349 0.892174 1 0.906548 0.958937 0.804052 0.942448 0.97286 0.953885 0.925054 0.851986 0.901556 0.846843 0.687129 0.844834 0.828211 0.836047 0.77175 0.696447 0.901841 0.812287 0.843568 0.710995 0.81886 0.81565 0.827565 0.897265 0.661647 0.696772 0.726844 0.904718 0.853739 0.907551 0.918229 0.719291 1 0.823262 0.763218 0.897946 0.783415 0.731233 0.849379 0.521921 0.410953 0.600493 0.48204 0.57468 0.979252 0.831221 0.867711 0.980242 0.930247 0.934042 0.949713 0.968564 0.984648 0.864926 0.997725 0.868384 1 0.965675 0.874839
0.832776 0.873629 0.80939 0.840363 1 0.893927 1 0.922289 0.869352 0.857911 0.917587 0.924866 0.93335 0.936391 0.915013 0.79685 0.745081 0.735353 0.773099 0.856525 0.96056 0.946681 0.877452 0.638507 0.806252 0.891275 0.741938 0.789812 0.962693 0.827407 0.848229 0.804388 0.922505 0.879835 0.836244 0.933469 0.781469 0.802037 0.87526 0.814982 0.835175 0.864988 0.742613 0.732243 0.882536 0.751891 0.5234 0.629418 0.70512 0.837846 0.947231 0.932259 0.901197 0.982813 0.959714 0.969611 1 1 0.935867 0.834352 0.929057 0.955765 0.932171 0.948875 0.793888 0.980469
0.952707 0.953304 0.847511 0.894537 0.827782 0.915859 0.955591 1 0.887209 0.92738 0.996805 0.859831 0.914635 0.855586 0.916407 0.650976 0.910591 0.87777 0.875313 0.804037 0.941558 0.869237 0.776112 0.928369 0.834767 0.861107 0.818573 0.873232 0.872677 0.915442 0.754346 0.89273 0.819382 0.811546 0.871906 0.910315 0.933831 0.887519 0.790009 0.851388 0.822335 0.870903 0.782256 0.753619 0.662305 0.806294 0.414031 0.489735 0.760272 0.540847 0.98642 0.949719 0.900349 0.927158 0.953915 0.946695 1 0.985078 0.926939 0.911022 1 0.80897 0.991411 0.96672 0.999212 0.84955
0.976575 0.950892 0.883714 0.972626 0.977626 0.794189 0.930553 0.743454 0.994056 1 0.836714 0.930685 0.935688 0.865883 0.998987 0.87222 0.852539 0.856284 0.88306 0.851519 0.785639 0.760559 0.775936 0.708647 0.709206 0.772877 0.809309 0.849568 0.843803 0.90177 0.765294 0.713323 1 0.764351 0.83546 0.930251 0.904143 0.910012 0.861037 0.858342 0.96408 0.937668 0.925356 0.675464 0.818883 0.547236 0.497 0.493389 0.646464 0.81187 0.785489 0.77675 1 0.8356 0.863201 0.927247 0.886678 1 0.94564 0.882795 0.972781 0.964073 0.943211 0.955458 0.956017 0.739987
1 0.887805 0.881353 0.826476 0.900076 0.941612 0.973192 0.93457 0.959699 1 0.864305 0.897655 0.82624 0.914586 0.863309 0.689886 0.793665 0.849306 0.777973 0.898038 0.810678 0.816384 0.747624 0.833405 0.829525 0.76077 0.870761 0.765032 0.743448 0.697419 0.69561 0.95356 0.67086 0.734844 0.814216 0.716326 0.672111 0.830564 0.846165 0.910066 0.762566 0.955836 0.677603 0.746639 0.647106 0.579323 0.543282 0.755254 0.935197 0.921182 0.811769 0.925219 0.977424 0.952967 0.902439 0.887366 0.913621 0.990189 0.85766 0.911174 0.956087 0.975146 0.868213 0.899031 0.846798 0.937953
0.982299 1 0.939793 0.81315 0.810814 0.865757 0.925789 0.853938 0.886352 0.925504 0.768533 0.877285 0.90634 0.872614 0.930252 0.795135 0.937246 0.859167 0.892736 0.614937 0.773762 0.819589 0.663469 0.820917 0.765046 0.77835 0.806094 0.744386 0.716417 0.920956 0.886204 0.692914 0.892517 0.671528 0.91076 0.919771 0.910236 0.927148 0.913853 0.827534 0.727439 0.688927 0.786208 0.681784 0.668972 0.669037 0.678498 0.80677 1 0.946872 0.966302 0.754291 0.884174 0.885266 0.935697 0.922615 0.866789 0.939291 0.914846 0.87889 1 0.885271 0.931491 0.872556 0.905296 0.958247
0.84275 1 0.785 0.972857 0.914917 0.908941 0.871119 0.79557 0.898867 0.79002 0.859184 0.872326 1 0.88985 0.789029 0.903582 0.86804 0.803069 0.860206 0.766774 0.741514 0.811233 0.645202 0.874027 0.694692 0.888598 0.858003 0.765488 0.769758 0.884621 0.777216 0.766624 0.757839 0.77936 0.788886 0.905829 0.820457 0.858071 0.767531 0.802869 0.814352 0.79049 0.695607 0.669335 0.512425 0.637405 0.659833 0.961046 0.884142 0.901323 0.918216 0.862244 0.880919 0.931608 1 0.924725 0.864737 0.791272 0.811113 0.809955 0.938048 0.931222 0.979248 0.888786 0.902654 0.928469
0.612116 0.838213 0.831152 0.687507 1 0.829576 0.951459 0.88037 0.85061 0.959413 1 0.958817 0.870834 0.911606 0.748623 0.882457 0.85355 0.840046 0.672364 0.800505 0.759696 0.878612 0.854543 0.773425 0.926341 0.801395 0.770339 0.841148 0.996545 0.754077 0.719819 0.952468 0.788132 0.878133 0.810971 0.759909 1 0.900105 0.802167 0.835401 0.709818 0.637296 0.842257 0.5722 0.603554 0.763094 0.753429 0.913478 0.905147 0.932281 0.912483 0.874911 0.872547 1 0.760313 0.903296 0.950693 0.841903 0.720204 1 0.894271 0.95474 0.865888 0.882088 0.867045 0.887846
0.522988 0.885286 1 1 0.95281 1 0.894421 0.854386 0.677206 0.927295 0.787081 0.883642 0.784599 0.92759 0.662796 0.789812 0.895747 0.895508 0.709347 0.623742 0.749601 0.928017 0.930289 0.773431 0.834177 0.937487 0.811175 0.796534 0.902892 0.829111 0.907418 0.978849 0.854412 0.953601 0.837931 0.646317 0.96976 0.771592 0.84696 0.827431 0.772759 0.599133 0.684347 0.773452 0.628263 0.75087 0.858038 0.860711 1 1 0.913489 0.971016 0.87117 0.867933 1 0.956266 0.875807 0.8092 0.968491 0.810442 0.893823 0.83956 1 0.9349 1 0.96799
0.379513 0.464336 0.800353 0.898399 0.853466 0.905038 0.942342 0.86855 0.968567 0.953785 0.86512 0.897406 0.848183 0.892495 0.810793 0.842453 0.912984 0.858965 0.935168 0.822378 0.837511 0.875652 0.805165 0.878646 0.924484 0.892684 0.667487 0.930771 0.771859 0.729138 0.834131 0.834629 0.793787 0.677349 0.814487 0.786586 0.792756 0.790629 0.733042 0.574934 0.887912 0.705086 0.6716 0.711304 0.765402 0.784398 0.754155 0.862345 0.983823 0.987871 0.968296 0.843306 0.932781 0.904632 0.859555 1 0.908892 0.890407 0.843954 1 0.892683 0.960696 0.789393 1 0.954669 0.832742
0.511731 0.626382 0.52168 0.956938 0.702537 0.946191 0.903641 0.821078 0.74851 0.797613 0.826237 0.913063 0.884315 0.807325 0.75484 0.752425 0.747685 0.865452 0.946592 0.823746 0.627085 0.923528 0.785599 0.784011 0.855901 0.96126 0.766854 0.898929 0.805001 0.886607 0.741461 0.75683 0.86834 0.788103 0.761632 0.777092 0.855976 0.900319 0.616665 0.702388 0.701539 0.558737 0.799657 0.763937 0.6905 0.873904 0.706304 0.961089 0.814761 0.90548 1 0.981073 0.883787 0.955445 0.863011 1 0.952124 0.927442 0.952259 0.966622 0.916668 0.962099 0.858668 0.79804 0.911766 1
0.491246 0.42323 0.579148 0.48539 0.8344 1 0.888246 0.841029 0.869913 0.94939 1 1 0.838646 0.883632 0.879424 0.970604 0.817898 0.686672 0.860256 0.770091 0.907477 0.856871 0.858737 0.752066 0.713363 0.719977 0.984474 0.75697 0.943483 0.771198 0.835517 0.887265 0.843235 0.831598 0.841494 0.7692 0.941812 0.682008 0.963723 0.587937 0.736993 0.922941 0.852792 0.934035 0.925067 0.891038 0.871905 1 0.729879 1 0.855655 0.991952 0.983802 0.914009 0.828791 0.938621 0.97128 1 0.942515 0.845203 0.968788 1 0.998783 0.96031 0.697048 0.967367
0.515726 0.499257 0.480607 0.566131 0.898026 0.820248 0.912535 0.800763 0.902267 0.918432 0.873901 0.961882 0.843703 0.985163 0.825407 0.866092 0.757326 0.726398 0.902749 0.762243 0.810155 0.840777 0.801627 0.887421 0.824829 0.741268 0.793101 0.686868 0.926844 0.755014 0.884941 0.818393 0.828857 0.761062 0.810589 0.720024 0.95173 0.58546 0.585244 0.691347 0.720334 0.709605 0.602892 0.806428 0.953313 0.722124 0.995205 1 0.875335 0.940946 0.999175 0.851204 0.915666 0.948857 0.988174 0.910204 0.823267 0.928324 1 1 0.957486 0.949992 0.972411 0.871287 0.931051 0.879373
0.712512 0.635863 0.592483 0.602095 0.35214 0.926368 0.929158 0.929636 0.904858 0.743559 0.798135 0.966947 0.803131 0.803844 0.940855 0.870891 0.927156 0.721783 0.798348 0.746075 0.634109 0.919959 0.8489 0.796315 0.93263 0.86829 0.964014 0.648943 0.780884 0.890313 0.822009 0.847593 0.807688 0.919264 0.839033 0.621982 0.632988 0.833721 0.824636 0.893088 0.609185 0.821292 0.616729 0.711825 0.732289 0.963562 0.765096 0.867375 0.911543 0.835697 0.659665 0.871647 0.97506 0.923057 0.927712 0.904449 0.911978 0.851218 0.993575 0.888318 0.89186 0.967443 0.939713 0.906819 0.896345 0.912551
0.911814 0.553092 0.4067 0.533499 0.267604 0.625104 0.952781 0.831546 0.841267 0.841794 0.791975 0.781169 0.945729 0.844164 0.808614 0.946039 0.887705 0.809035 0.759353 0.760446 0.749608 0.877807 0.880631 0.537422 0.79441 0.69048 0.901379 0.984568 0.91786 0.760676 0.76272 0.747516 0.779266 0.819 0.860184 0.729674 0.620002 0.753677 0.646188 0.624914 0.69275 0.677113 0.847062 0.686354 0.72329 0.800086 0.815639 0.977901 0.970578 0.923531 0.961737 0.895716 0.818936 0.888771 0.930606 0.849154 0.925872 0.866148 1 0.856026 1 0.817577 0.937246 0.981785 0.861652 0.912742
0.836501 0.773502 0.570049 0.763487 0.477961 0.490559 0.651522 0.952671 0.859694 0.986152 0.943652 0.845939 0.798776 0.810408 0.816956 0.751976 0.868531 0.937828 0.831126 0.786702 0.698078 0.704629 0.936212 0.831476 0.81652 0.702032 0.837341 0.806633 1 0.749242 0.868155 0.824381 0.776343 0.885285 0.774747 0.766093 0.868235 0.70072 0.772317 0.841632 0.536488 0.849298 0.704823 0.805814 0.903016 0.845841 0.876707 0.918734 0.999888 0.786744 0.945546 0.922273 0.859986 0.994626 1 0.833716 0.980288 0.945146 0.901073 0.937705 0.939044 0.974581 0.941194 0.972588 0.832102 0.971524
0.920362 0.961088 0.494007 0.597249 0.456764 0.498086 0.392103 0.614695 0.851402 0.85341 0.946435 0.861067 0.711782 0.967673 0.941073 0.677138 0.796128 0.696684 0.865792 0.763504 0.70699 0.830645 0.6673 0.827249 0.603513 0.760614 0.738308 0.780338 0.703252 0.812423 0.992864 0.655443 0.809657 0.890825 0.648092 0.618803 0.673109 0.693595 0.692604 0.685138 0.856147 0.904578 0.882143 0.780577 0.868798 0.804904 0.732527 0.912491 1 0.996125 1 0.898995 0.986639 0.82168 0.849422 0.857716 0.94249 0.836708 0.990487 0.856976 0.917157 0.892178 0.845049 0.855998 0.918091 0.824527
0.960769 0.758619 0.950369 0.543119 0.535133 0.521291 0.596897 0.567551 0.890804 0.834174 0.951241 0.877258 1 0.919926 0.856241 0.904926 0.842076 0.723469 0.701733 0.82808 0.776021 0.767314 0.907999 0.763643 0.68473 0.689435 0.756708 0.795004 0.706909 0.867627 0.839789 0.882034 0.734167 0.700912 0.733274 0.71702 0.68706 0.789467 0.623634 0.682765 0.701734 0.82106 0.853246 0.874371 0.750727 0.869559 0.640214 0.904594 0.879974 0.825888 0.959706 1 0.91407 0.79871 0.947474 0.951125 0.981142 0.783993 0.9771 0.895001 0.942982 1 0.953111 0.96375 0.897581 0.869415
1 0.921066 0.82039 0.974095 0.614074 0.555426 0.623566 0.587947 0.593441 0.900845 0.9064 1 0.849542 0.865073 0.912762 0.860991 0.729493 0.631135 0.950916 0.747698 0.803668 0.769317 0.793309 0.675854 0.830775 0.761025 0.590456 0.842907 0.868983 0.809913 0.78556 0.682966 0.541204 0.776876 0.596736 0.827629 0.812066 0.662023 0.552543 0.826103 0.699783 0.891703 0.894448 0.794797 0.839396 0.829908 0.769051 0.861504 0.891081 0.847588 0.860196 0.96536 1 0.823415 0.934495 0.842205 0.778738 0.977828 0.920587 0.841127 0.827457 0.960273 0.955995 0.845334 0.955697 0.954635
0.959944 0.91885 0.925843 0.811211 0.49622 0.688187 0.493223 0.620364 0.494587 0.43216 0.926609 0.922817 0.985365 0.89659 0.930578 0.727316 0.785888 0.74829 0.837237 0.746723 0.598813 0.824764 0.82093 0.801984 0.827157 0.92155 0.770561 0.815989 0.79155 0.869419 0.838435 0.680413 0.701698 0.703612 0.760081 0.693728 0.914929 0.671032 0.711932 0.726743 0.741366 0.851946 0.734449 0.931684 0.826654 0.77351 0.9945 0.835042 0.923608 0.882893 0.930143 0.894476 0.938532 0.982839 0.792783 0.943861 0.987296 0.954467 0.803353 0.922621 0.853889 0.950151 0.915688 1 0.80631 0.960068
0.795348 0.857877 1 0.869165 1 0.382664 0.484838 0.602677 0.520246 0.5292 0.4569 0.847971 0.857303 0.780047 0.8501 0.759692 0.782096 0.903767 0.771675 0.801006 0.890769 0.780884 0.89792 0.745821 0.809595 0.844833 0.89652 0.924581 0.880121 0.772909 0.735401 0.609138 0.70137 0.798295 0.693028 0.782491 0.776577 0.746708 0.848009 0.831445 0.781536 0.841036 0.868509 0.793365 0.854456 0.866985 0.868228 0.982745 0.645433 0.989384 0.926022 0.931964 0.941675 0.964024 1 0.93548 0.972292 0.896432 0.917881 0.779844 0.888642 0.981788 0.817189 1 0.900501 0.90838
0.89675 0.942763 0.928328 1 0.859924 0.862218 0.576704 0.50397 0.450677 0.590069 0.541733 0.638478 0.871556 0.834003 0.825149 0.927362 0.829759 0.73381 0.782937 0.728297 0.922256 0.859821 0.817143 0.814086 0.68492 0.824635 0.812389 0.836102 0.824109 0.776215 0.743508 0.676391 0.676676 0.778471 0.747346 0.723496 0.689075 0.868419 0.838976 0.889214 0.854445 0.880771 0.708468 0.837451 0.748799 0.79237 0.804991 0.823616 1 0.85311 0.831985 0.919989 1 0.935128 0.946464 0.866429 0.989521 0.893794 0.844895 0.945897 0.953085 0.964183 0.985805 0.830756 0.824482 0.944163
0.943407 0.999012 1 0.709018 0.837431 0.763848 0.824055 0.555375 0.793945 0.561742 0.702781 0.517944 0.459679 0.650888 0.917598 0.868543 0.77228 0.680706 0.764079 0.880433 0.825361 0.831911 0.869799 0.894161 0.832364 0.818584 0.752697 0.889645 0.793643 0.754792 0.709864 0.668678 0.647563 0.444984 0.780356 0.628453 0.59198 0.602849 0.735602 0.880503 0.878422 0.77096 0.887961 0.764954 0.92691 0.835995 0.907653 0.904717 0.836755 0.839497 0.74305 0.967595 0.846367 0.964488 0.908289 0.968444 0.90246 0.974145 0.950168 0.752605 0.903889 0.927601 0.76101 0.915066 0.90391 0.825379
0.907676 0.871436 0.867758 0.956142 0.886328 0.921225 0.862665 0.749824 0.507149 0.534126 0.546969 0.535715 0.502829 0.678024 0.432447 0.890249 0.850276 0.810492 0.770558 0.830404 0.861 0.832155 0.810591 0.881407 0.849762 0.785138 0.743071 0.780311 0.734177 0.778254 0.545384 0.70078 0.704349 0.793869 0.60345 0.694069 0.763262 0.863877 0.808017 0.706333 0.864343 0.751118 0.666448 0.870716 0.881752 0.893023 0.844401 0.948546 0.958074 0.919285 0.932103 0.89319 1 0.934078 1 0.934325 0.914037 0.895102 0.877532 1 0.885412 0.756482 0.891291 0.950836 0.884385 0.698614
0.820116 0.950102 0.908441 0.857876 0.943479 0.920447 0.946635 0.849218 0.483724 0.554702 0.516676 0.514206 0.736833 0.426137 0.679083 0.475759 0.737334 0.805994 0.868956 0.908922 1 0.776184 0.761648 0.666293 0.853801 0.764772 0.726144 0.626634 0.748229 0.782982 0.748585 0.768535 0.84997 0.766184 0.698113 0.82798 0.849093 0.70462 0.884456 0.771042 0.824321 0.688815 0.717716 0.894847 0.811166 0.960264 0.982319 0.861747 1 0.906944 0.881597 1 0.947555 0.940622 0.972439 0.972465 0.909973 0.953818 1 0.766309 0.817439 1 0.936448 0.929549 0.952634 0.945615
0.866981 0.917576 0.9558 0.928707 0.852109 0.819932 0.874903 0.808877 0.949259 0.644656 0.538628 0.578042 0.512096 0.500114 0.47493 0.654823 0.781581 0.547527 0.82195 0.67079 0.578698 0.585943 0.662809 0.611097 0.823489 0.747289 0.823848 0.719622 0.823106 0.80272 0.792924 0.59179 0.604606 0.681261 0.680609 0.82976 0.916738 0.851712 0.799502 0.661836 0.867696 0.867417 0.897133 0.924325 0.96478 1 0.901916 0.950793 0.773425 0.935317 1 0.943719 0.86246 0.910065 1 0.844938 0.903233 0.932793 1 0.984449 0.777482 0.957045 0.963283 0.955899 0.744423 0.839218
1 0.863378 0.843546 1 0.95932 0.824134 0.899478 0.775348 0.981805 0.554285 0.648095 0.480393 0.584145 0.48525 0.725548 0.648394 0.572869 0.769981 0.672812 0.75079 0.710405 0.621053 0.678292 0.686713 0.559145 0.700505 0.93133 0.58383 0.849648 0.797995 0.719627 0.685969 0.54379 0.656258 0.757118 0.832322 0.840748 0.826802 0.760356 0.835515 0.800977 0.844462 0.760296 0.802621 0.914886 0.964663 0.900577 0.933429 0.975519 0.877278 0.873149 0.921033 0.836507 1 0.960453 1 0.997552 0.843198 0.896207 0.963219 0.892471 0.867835 0.88961 0.869358 1 0.824017
