Proyectos/DeforestationModel/output/ndvi_2025.asc
ncols         300
nrows         300
xllcorner     273000
yllcorner     9.548e+06
cellsize      30
NODATA_value  -9999
[rows 232 to 260 of 300, columns 0 to 64 of 300]
0.963289 0.971091 1 0.883545 0.944219 1 0.953086 0.923554 0.865749 0.809547 0.973204 1 0.840303 0.977849 0.861029 0.989483 0.932489 0.923726 0.769536 0.484009 0.714264 0.863645 0.765914 0.6816 0.901823 0.588372 0.95781 0.903697 0.79604 0.850148 0.772363 0.921341 0.8065 0.904836 0.833802 0.748428 0.948544 0.781652 0.764886 0.781994 0.872653 0.794026 0.911746 0.979116 0.875591 0.806372 0.892507 0.81761 1 0.85228 0.92602 0.890351 1 1 0.939293 1 0.84295 0.927118 0.766884 0.800879 0.88432 0.932826 0.801705 0.942011 0.896396
0.914977 0.912453 0.844043 0.897113 0.891584 0.818199 0.951605 0.807757 0.850425 0.987193 0.934839 0.706212 0.935781 1 0.850635 0.995504 0.965344 0.599453 0.550583 0.4046 0.750004 0.663327 0.641597 0.861004 0.875017 0.547578 0.846572 0.797663 0.677092 0.67867 0.69004 0.792143 0.961732 0.846275 0.771655 0.748179 0.73684 0.649975 0.884536 0.740182 0.850818 0.915766 1 0.998979 0.989618 0.944981 0.902625 0.78718 0.988159 1 1 0.811152 0.87296 0.822428 0.962473 0.824398 0.842979 0.921107 0.897942 0.811168 0.84357 0.917713 0.880514 0.964193 0.895197
0.934515 0.789526 0.800865 0.952043 0.719273 0.96135 0.87544 0.767954 0.805411 1 0.930093 0.975217 0.884522 0.91308 1 1 0.570722 0.598613 0.417356 0.712685 0.7397 0.745322 0.832381 0.782629 0.873731 0.679994 0.809507 0.734851 0.907277 0.96275 0.875786 0.944186 0.779059 0.789208 0.765629 0.921252 0.897197 0.765915 0.716878 0.764928 0.945949 0.972816 0.791334 1 0.997494 0.865457 0.948135 0.943146 0.786666 0.877575 0.962526 0.894006 0.821609 0.828496 0.854688 0.957026 0.912564 0.962417 0.908834 0.866869 0.860727 0.835377 0.804486 0.826488 0.869876
1 0.79878 0.76425 0.811388 0.805729 0.94764 0.938354 1 0.87428 0.902551 1 0.829951 0.946172 0.77969 0.874417 0.891918 0.481334 0.529595 0.597678 0.582409 0.614815 0.542322 0.724083 0.785019 0.595373 0.474659 0.712109 0.683186 0.9701 0.882464 0.673949 0.898847 0.886874 0.771758 0.904936 0.930204 0.867335 0.874735 0.732757 0.894704 0.93654 1 0.916367 0.853181 0.985559 0.843304 1 0.867586 0.878937 0.876617 0.842789 0.881848 0.915056 0.86179 0.93903 0.875895 0.909628 0.73691 0.946373 0.91229 0.847212 0.92427 0.961916 0.808106 0.909095
0.815935 0.911717 0.929587 0.989578 0.88279 0.707936 0.833568 0.817871 0.81776 0.886135 0.79957 0.932517 0.976524 1 0.9735 0.619715 0.58633 0.614986 0.414996 0.524104 0.532858 0.601962 0.59524 0.659886 0.686077 0.487087 0.754028 0.749441 0.660569 0.803235 0.859563 0.660826 0.869072 0.746998 0.822192 0.780428 0.702264 0.841179 0.78015 0.91504 0.938862 0.856137 0.930131 0.938588 0.981658 0.844014 1 1 0.932806 0.858239 0.815294 0.8618 1 0.827063 0.966276 0.798332 1 0.932302 0.835077 0.960048 0.851922 0.887976 0.75372 0.70703 0.972066
0.856702 1 0.9495 0.842894 1 0.921617 0.897906 0.738688 0.880687 1 0.919133 0.890487 0.883474 0.989485 0.557636 0.659952 0.544714 0.468791 0.694683 0.546122 0.512449 0.450807 0.558024 0.570046 0.449265 0.877461 0.584898 0.745958 0.78509 0.76016 0.781339 0.860402 0.821554 0.788777 0.747471 0.768301 0.91651 0.937683 0.924686 0.870693 0.972415 1 0.839106 1 0.855726 1 0.986191 0.828865 1 0.906322 0.867554 0.858845 0.942547 0.8735 0.866389 0.848261 0.893041 0.969578 0.981365 0.843158 1 0.923493 0.90735 0.963539 0.903514
0.982589 1 0.973381 0.959405 0.826999 0.908015 0.919188 0.937457 0.787705 0.89194 0.950992 0.892203 1 0.487689 0.584857 0.495489 0.603888 0.552383 0.650291 0.6366 0.636902 0.583007 0.536488 0.511626 0.482757 0.540485 0.601678 0.535127 0.576966 0.645942 0.616091 0.859478 0.975064 1 1 0.967035 0.84749 0.839242 0.925799 0.993973 0.861368 0.958163 1 0.919395 0.979805 0.955872 0.904166 0.887404 0.981806 0.943938 0.9584 0.861634 0.723894 0.875522 0.866191 0.909621 0.737289 0.887112 0.844833 0.896225 1 0.859629 0.93897 0.896378 0.988474
0.980337 0.899065 0.852102 0.815908 0.911562 0.731809 0.984367 0.936189 0.897521 1 0.97961 0.838515 0.569999 0.400819 0.540595 0.481618 0.633345 0.439993 0.543615 0.582792 0.431515 0.504818 0.400755 0.554506 0.50031 0.501944 0.415129 0.747486 0.501281 0.598187 0.604733 0.781154 0.882396 0.908853 0.925178 0.999418 0.860375 0.747455 0.841395 0.831519 1 0.866793 0.866626 0.977467 0.91353 0.773063 1 0.892297 0.969387 0.923277 0.889243 0.884929 1 0.984715 0.727383 0.778601 0.914681 0.879251 0.994838 0.887396 0.896382 0.915425 1 0.943958 0.803872
0.938651 0.862442 0.988223 0.828577 0.80586 0.908102 0.807697 0.942388 0.972729 0.95691 0.772421 0.87204 0.492299 0.501833 0.653477 0.567733 0.605662 0.54481 0.420716 0.430952 0.5507 0.636202 0.437769 0.49776 0.6067 0.526082 0.453612 0.587612 0.673048 0.490463 0.542403 0.562822 0.985735 0.988321 0.999417 0.93749 0.92541 0.994928 0.946864 1 1 0.874734 0.911846 0.997095 0.958167 0.908187 1 1 0.974235 0.850419 1 0.848373 0.84095 0.896926 0.934344 0.928278 0.989601 0.971821 0.8628 0.922488 0.8053 0.899745 0.946596 0.889361 0.85558
0.903453 0.928767 0.795868 0.882216 0.933377 0.994462 0.835841 0.913611 0.926236 0.914184 0.982859 0.475381 0.505005 0.5699 0.617176 0.47398 0.574562 0.445023 0.689715 0.523318 0.59022 0.500524 0.470699 0.450138 0.693635 0.570623 0.502776 0.5925 0.564028 0.600744 0.487207 0.783522 0.649176 0.94904 0.94382 0.943695 0.891141 0.936631 0.856821 0.939231 0.948377 1 0.959781 0.895053 0.930637 0.976532 0.91941 0.907736 0.834179 0.90319 1 0.860743 0.861375 0.967993 0.83936 0.858539 0.910828 0.863017 0.856839 0.837769 0.943012 0.820097 0.927336 0.9164 0.761876
0.897582 0.972155 0.899646 0.830979 0.795214 0.88281 0.78158 0.846418 0.745998 0.928641 0.669404 0.616783 0.395717 0.44673 0.708404 0.428776 0.644421 0.624249 0.443271 0.508035 0.474817 0.433451 0.538402 0.519345 0.669247 0.681564 0.470022 0.54546 0.616535 0.539078 0.764518 0.365451 0.84543 0.932325 1 0.870568 0.950819 0.915471 0.966512 0.955361 0.978777 1 0.76452 0.928954 0.863541 0.895364 0.967628 0.858183 0.915854 0.942916 0.885867 0.923401 0.918939 0.956947 0.964966 0.912131 0.899397 0.940981 1 0.884057 0.992328 0.733718 0.909742 0.97618 0.690454
0.956052 0.815305 0.908829 0.865858 0.91703 1 0.962209 0.88754 0.857803 0.316166 0.658811 0.534259 0.498779 0.490431 0.470721 0.665187 0.478206 0.475885 0.545531 0.484186 0.416287 0.57273 0.493705 0.449177 0.406994 0.575894 0.515884 0.689503 0.49384 0.685819 0.63589 0.560546 0.534369 0.778233 0.938314 0.923174 0.915538 0.901452 1 0.9115 0.880166 0.87072 1 0.831138 1 0.968552 0.891145 0.944178 0.86653 0.791597 0.888334 0.872014 0.986893 0.898697 0.867736 0.98117 0.860885 0.980932 0.833351 0.853606 0.696873 0.89179 0.913632 0.897868 0.96012
0.883246 0.928993 0.855975 1 0.89115 1 0.905458 0.851964 0.865867 0.735444 0.66542 0.491153 0.326982 0.496277 0.492151 0.627653 0.617132 0.419563 0.536153 0.517929 0.538681 0.572198 0.619735 0.58541 0.558616 0.410421 0.508019 0.529909 0.38082 0.499955 0.385724 0.686447 0.655582 0.708381 0.572703 0.995143 0.985993 0.850719 0.978457 0.836826 0.818961 0.903995 0.970295 0.852139 0.964038 0.866411 0.828959 0.864099 0.871612 0.812118 0.765115 1 0.886521 0.684088 0.81643 0.914077 0.928838 0.957312 0.719879 0.824003 0.802559 0.837906 0.929331 0.932919 0.972345
0.825071 0.908146 0.905342 0.875848 0.976777 0.912555 0.887785 0.959643 0.501218 0.63937 0.767284 0.469834 0.499467 0.535298 0.627381 0.49413 0.391885 0.952023 0.82903 0.853159 0.926767 0.960963 0.876121 0.730869 0.792446 0.610601 0.496405 0.538096 0.502412 0.612899 0.593184 0.68079 0.351815 0.471924 0.624333 0.910794 0.935056 0.815107 0.880498 0.927623 0.89732 0.924284 0.936164 0.874359 0.845855 0.932697 0.972959 0.763873 0.6948 0.895883 1 0.964536 0.793946 0.997606 0.971312 1 0.94522 0.886974 0.953608 0.838456 1 0.724848 0.985739 0.852386 0.774179
0.845106 0.913242 0.848661 0.985901 0.951407 0.878741 0.982465 0.372281 0.513457 0.445227 0.529571 0.735388 0.621118 0.474291 0.617086 0.960408 0.969529 0.922625 0.997832 0.842214 0.930459 0.882653 0.933632 0.882596 0.911637 0.69229 0.733893 0.442286 0.624572 0.550946 0.445605 0.482737 0.53202 0.497515 0.502865 0.803588 1 0.934156 0.955641 0.821035 0.862002 1 0.938533 0.88873 0.889155 0.891658 0.861042 0.747776 0.967181 0.84097 0.82263 1 0.885082 0.926232 0.929428 0.878717 0.830771 0.879912 0.888458 0.845686 0.90538 0.813329 0.841719 0.90601 0.824681
0.920202 0.855144 0.881828 0.798725 0.971119 0.83064 1 0.589532 0.639171 0.692591 0.619212 0.563078 0.666407 0.40183 1 0.92216 0.840257 0.827776 0.970225 0.930963 1 1 1 0.923141 0.994998 0.871463 0.943001 0.864125 0.564163 0.738489 0.474867 0.436253 0.546852 0.489433 0.648305 0.635407 0.824036 0.892941 1 0.903718 0.932607 0.819519 0.906593 0.812769 0.889709 0.919858 0.74163 0.910649 0.92505 0.923141 0.905873 0.882499 0.864241 0.811696 0.999617 0.850134 1 0.952386 0.937161 0.689983 0.783976 0.853118 0.867878 0.913777 0.91144
0.969353 0.884916 0.98815 0.98141 0.985551 0.849499 0.492235 0.516419 0.471342 0.453088 0.408168 0.542361 0.896365 0.895029 0.905438 0.863267 0.823685 0.899657 0.934736 0.960672 0.891824 0.888475 1 0.904355 0.953593 0.898107 0.927391 0.8972 0.46454 0.583968 0.559059 0.56671 0.435757 0.52646 0.397091 0.602675 0.776491 0.868113 0.840493 0.898405 0.901071 0.993317 0.959117 0.984267 0.928342 0.955493 1 0.872276 0.933374 0.969673 0.981629 0.71131 0.907457 0.828803 0.939264 0.895759 0.90005 0.978299 0.946622 0.899991 0.857613 0.845913 0.997766 0.837283 0.91242
0.979261 0.89154 0.907423 0.99412 0.928566 0.434815 0.716644 0.648783 0.638143 0.714419 0.494431 0.951768 1 0.938106 0.925173 0.903683 0.907773 0.93036 0.901085 0.846749 0.98433 0.896039 0.896614 0.932275 1 1 0.968197 0.92119 0.823138 0.706023 0.74169 0.804195 0.491747 0.703872 0.40303 0.578882 0.628349 0.789921 0.882122 0.882551 0.930417 0.987934 1 0.873213 0.952583 0.971042 1 0.882145 0.803125 0.957401 0.848352 0.882824 0.915125 0.850727 0.876514 0.952792 0.948712 0.925094 0.871726 0.98533 0.782959 0.874962 0.943547 0.790385 0.880861
0.97319 1 0.828821 0.892707 0.691919 0.62808 0.481226 0.417316 0.596302 0.500641 0.920401 0.83296 0.9196 0.865312 0.865316 0.934054 0.893436 0.840802 0.919913 0.964971 0.92535 0.931427 0.994237 0.973632 0.912136 0.855501 0.810824 0.871897 0.992077 0.989779 0.751236 0.687889 0.665224 0.587861 0.529764 0.731091 0.566983 0.552364 0.719519 0.9384 0.868113 0.868698 0.834538 0.870086 1 0.75545 0.763082 0.917707 0.991851 0.786334 0.981494 0.950739 0.853052 0.842917 0.721286 0.806267 0.906529 0.895715 0.820869 0.892673 0.895719 0.884121 0.87096 0.962726 0.955275
0.976707 0.900687 0.865056 0.961109 0.57952 0.509849 0.596737 0.537515 0.518538 0.856344 0.910191 1 1 0.896184 0.966752 0.750605 0.821873 0.951302 1 0.834529 0.873713 0.85064 0.95591 0.835081 0.828842 0.895504 0.865993 0.898838 0.94168 1 0.905147 0.495648 0.544873 0.520497 0.59418 0.583078 0.338209 0.700345 0.663057 0.937477 0.836967 0.881387 0.888807 0.846524 0.918442 0.966984 0.971243 0.786184 0.969915 1 0.893008 0.92598 0.963545 0.983003 0.901618 0.885819 0.877707 0.816724 0.932628 0.854368 1 0.882835 0.907007 0.911916 0.939726
0.936191 0.946234 1 0.554216 0.581822 0.686049 0.506633 0.353551 0.932141 1 0.894351 0.994665 0.880136 1 0.836397 0.93273 1 0.86257 0.946216 0.793673 0.844327 0.952962 0.956663 0.91027 0.96791 0.844186 0.91738 1 0.899267 0.975488 0.832376 0.750686 0.779612 0.478618 0.523668 0.487578 0.600481 0.72061 0.607626 0.889294 1 0.870984 0.851588 0.863395 0.969925 1 0.89495 0.838405 0.934263 0.941143 0.978426 0.849522 0.968836 0.903009 0.748762 0.91111 0.882492 0.951357 0.895669 0.885611 0.976426 0.951976 0.870069 0.826858 0.946549
1 0.981338 0.468657 0.559134 0.466746 0.625105 0.629618 0.540484 0.812666 0.954521 0.924158 0.833181 0.975241 0.905539 0.972871 0.904959 0.903915 0.893518 0.987643 0.930343 0.815351 0.951386 0.865366 0.981083 0.887722 0.818272 0.979318 0.9384 0.977034 0.910862 0.921425 0.891432 0.807652 0.698678 0.541075 0.588215 0.699755 0.624307 0.380956 0.752911 0.545405 0.919474 0.886043 0.943598 0.920103 0.907564 0.932016 0.922623 0.856825 0.831727 0.880065 0.839412 0.906137 0.959793 0.989628 0.899733 1 1 0.847581 0.986554 0.7831 0.868685 0.93155 0.850595 0.964275
0.88981 0.935157 0.456107 0.432928 0.566113 0.520552 0.533302 0.975362 1 0.972926 0.955553 0.974909 0.95138 0.895413 0.876481 0.998803 1 0.866208 0.957011 0.91164 0.885513 1 0.847684 0.874636 0.971135 0.898673 0.886229 0.837365 0.954008 0.831546 1 0.993403 0.952295 0.889605 0.580949 0.490131 0.59997 0.495449 0.692421 0.551276 0.690023 0.940111 1 0.761498 0.970456 0.97598 1 0.897158 0.970846 0.945764 0.82033 0.851316 0.984931 0.922422 0.936109 0.905466 0.878247 0.910769 0.943135 0.965248 0.936528 0.999906 0.898535 0.78434 0.817664
0.821716 0.556557 0.49855 0.413299 0.533742 0.558881 1 0.901536 1 0.868259 1 0.941804 1 1 0.972451 1 0.912899 1 0.959217 0.910591 1 0.918139 0.947382 0.922243 1 0.926215 0.807529 1 0.882138 0.99153 0.968039 0.902616 1 0.749227 0.83874 0.707115 0.589206 0.378024 0.571589 0.477956 0.428095 0.786034 0.837196 1 1 0.874497 0.758778 0.983696 0.873331 0.722404 0.940529 0.887072 0.849538 0.961151 0.928148 0.879324 0.936254 0.929351 0.932387 0.832887 0.862349 0.943668 1 0.820214 0.927687
0.41412 0.582776 0.677349 0.581733 0.654823 0.890734 0.936802 0.939035 0.948663 0.987856 1 0.967691 0.890035 0.934136 1 0.955932 1 0.832549 0.881578 0.869455 1 0.944986 0.987469 0.904351 0.837224 0.810834 0.971234 0.818618 0.881971 0.814956 0.906926 1 0.96427 0.889782 0.958357 0.664436 0.747119 0.46888 0.513499 0.687567 0.460003 0.696036 0.592186 0.777076 0.89573 0.929134 0.943613 1 0.972001 0.822713 0.921545 0.93907 0.797138 0.774209 0.955466 0.990014 0.948429 0.869463 0.937168 0.835116 0.935512 0.970518 0.967894 0.895209 0.803085
0.400582 0.661419 0.50753 0.539076 0.921753 0.881602 0.87616 0.863507 0.708408 0.843668 0.897344 0.825642 0.941088 1 1 0.953451 0.857847 0.897986 0.988452 0.961445 0.880605 0.913467 1 0.868454 0.881915 0.857701 1 0.948574 0.922902 1 0.835464 0.956215 0.93596 0.824303 0.839732 0.93761 0.723986 0.702514 0.523776 0.552797 0.407684 0.588784 0.868845 0.839289 0.929434 0.865817 0.879752 1 1 0.964124 0.857365 0.779297 0.924885 0.774924 0.925703 0.927156 0.903361 0.923016 0.885232 0.788752 0.655571 0.973621 1 0.958 0.909046
0.604474 0.602626 0.612085 0.635324 0.970521 0.954183 0.958857 0.906984 0.856295 0.960364 1 0.887487 1 1 0.99152 0.910583 1 0.946792 0.871942 0.971358 0.890066 0.910226 0.881135 0.934963 1 0.929995 0.941459 0.704192 0.835451 0.963622 0.918915 0.945695 0.884702 0.860701 0.87082 0.964987 1 0.769657 0.642315 0.703196 0.425103 0.711174 0.564778 0.759292 0.880095 0.860605 0.812931 0.860411 0.807593 0.839967 0.888981 0.92672 0.863242 0.845121 0.986126 0.809956 0.871531 0.799309 0.938253 0.779332 0.753839 0.793985 0.993589 0.855565 0.905373
0.37098 0.509617 0.58131 0.982178 0.924086 0.914067 0.914252 0.879084 0.811833 0.963936 0.843867 0.980032 0.9706 0.839407 0.822971 0.889275 0.922829 0.846332 0.897488 0.924255 1 0.930139 1 0.902571 1 0.990482 0.783205 1 0.852273 0.958492 0.873096 0.91999 1 0.917771 1 0.794866 0.788411 0.873385 0.635863 0.472547 0.518951 0.455246 0.69753 0.577062 0.70094 1 0.885469 1 0.906213 0.90474 0.772874 0.850116 0.843761 0.865491 0.793011 0.891135 0.773889 0.927504 0.875606 0.949951 0.890137 0.927088 0.885426 0.933837 0.873564
0.55564 0.428207 0.845708 0.851803 0.946784 1 0.929485 0.786098 0.958475 0.888569 0.908253 0.866106 1 0.751182 0.903444 0.932137 0.927824 0.972863 0.921906 0.830331 0.958059 0.78503 0.946504 1 0.942245 0.743664 0.963564 0.894039 0.993799 0.863725 0.963831 0.848014 0.949516 0.945586 1 0.863547 0.911029 0.871129 0.809745 0.815121 0.579983 0.454095 0.511799 0.505031 0.77113 0.863713 0.820598 0.863618 0.884799 0.947134 0.807354 1 0.744382 1 0.985683 0.854992 0.889955 0.834773 1 0.879626 0.926358 1 0.896288 0.892733 0.883263
