Proyectos/DeforestationModel/output/ndvi_2025.asc
ncols         300
nrows         300
xllcorner     273000
yllcorner     9.548e+06
cellsize      30
NODATA_value  -9999
[rows 261 to 289 of 300, columns 130 to 194 of 300]
0.887223 0.837074 1 0.882725 1 0.981491 0.869567 0.848962 0.998976 1 0.845238 0.991588 0.929066 0.827155 1 0.845728 0.979671 0.837886 0.899204 0.888424 0.863559 0.924153 0.975976 0.917768 0.924675 0.977323 0.945256 0.954006 0.884051 0.921532 0.481753 0.584984 0.433156 0.539893 0.574359 0.993021 0.928668 0.871689 1 0.917983 1 0.785287 0.939583 0.987651 0.929914 0.887425 0.859715 0.845933 0.897943 0.789196 0.871421 0.887813 0.843481 0.956643 0.991966 0.894321 0.837316 0.870946 0.913637 0.938553 0.874828 0.804716 0.845609 0.908251 0.802238
0.835356 0.942419 0.866874 0.908638 0.808391 1 0.938085 0.949597 0.984197 0.971075 0.858279 0.886064 0.972179 1 0.847804 0.880771 0.84976 1 0.977377 0.962461 0.947465 0.966003 0.822404 1 0.927309 1 0.96776 0.829891 0.846652 0.915817 0.978567 0.394215 0.471945 0.629059 0.568 1 0.918981 0.879886 0.834271 0.876819 0.91654 0.968382 0.842839 0.807738 0.869274 0.932243 0.909403 0.923095 0.953809 0.83119 0.847919 0.93078 0.999781 0.892224 1 0.843791 0.926326 0.853818 0.946733 0.914326 0.839578 0.688962 0.9594 0.92998 0.950999
0.912491 0.856495 0.994403 0.800409 0.902663 0.969578 0.974152 0.800522 0.806975 0.957945 1 0.922682 0.988694 0.960004 1 0.877527 0.946709 1 0.892433 0.954763 0.833341 0.899436 0.902078 0.935669 0.825627 0.995008 0.990695 0.962192 0.945916 1 0.915179 0.89085 0.409278 0.722987 0.748947 0.615526 0.829877 0.946125 0.936912 1 0.995196 0.869915 0.853159 0.999529 0.85341 0.90388 0.794321 0.729295 1 0.909489 0.883285 0.947022 0.82402 0.835305 0.84801 0.806733 0.816011 0.874108 1 0.894879 0.895976 0.900635 0.954199 0.816328 0.796144
1 0.779959 0.915507 0.896603 0.824931 0.861775 0.997795 0.878902 0.993206 0.81808 0.878334 0.93603 0.788226 0.863441 0.964247 0.982216 0.910168 1 0.984436 0.963937 1 0.842172 0.988751 1 0.849126 0.878618 1 1 0.975322 0.971278 0.888526 0.821474 0.990674 0.49312 0.40978 0.692595 0.702472 0.849202 0.901298 0.967006 0.817549 0.821324 0.87541 0.926849 0.790613 0.798948 0.765661 0.923892 0.83705 0.878331 0.99573 1 1 0.826737 0.877176 0.847244 0.925896 0.904076 0.808506 0.922223 0.976049 0.946332 1 0.933902 0.829979
0.76997 1 0.949095 1 0.802367 0.950536 0.863714 0.809319 0.878844 0.905505 0.889214 0.930961 0.943081 0.992517 0.836024 1 0.952539 0.986977 0.867961 0.921769 1 0.813245 0.938387 0.931277 0.916444 0.883182 0.968545 0.908689 0.990171 0.939491 0.94785 0.819612 0.918099 0.569182 0.591022 0.623288 0.605094 0.90152 0.835888 0.925944 0.932956 1 0.828035 0.915039 0.969692 0.853003 0.783076 0.818879 1 0.780827 0.918959 0.901592 0.906776 0.952441 1 0.908955 0.891713 0.816675 0.898366 0.888142 0.949131 0.968081 0.892406 0.97386 0.901098
0.961864 0.843664 1 1 0.868727 0.898922 0.962699 0.972176 0.907465 0.878803 0.961025 0.868555 0.965966 0.940216 0.910039 0.936352 0.974304 0.803363 0.83047 0.841713 1 0.908224 0.986841 0.945141 0.868322 0.763226 1 0.897879 0.877509 0.71344 0.847293 0.81918 0.953572 0.982121 0.525403 0.699713 0.530427 0.518423 0.905759 0.897372 0.916846 0.930505 0.95229 0.96682 0.851163 0.927289 0.831824 0.977563 0.753949 1 0.958098 0.977885 0.880578 0.946719 0.711601 0.883391 0.832353 0.921995 0.846451 0.814228 0.784251 0.949551 0.973294 0.843266 0.891357
0.928548 0.850409 0.954177 0.992436 1 0.861684 1 1 0.945596 0.818051 0.941153 0.990444 1 0.855709 0.878072 0.948508 0.917599 0.998828 1 0.989959 0.894972 0.97763 0.882688 0.827323 0.903268 0.856262 0.936076 0.846638 0.999367 0.941597 0.945878 0.929582 0.81135 0.946157 0.626852 0.598165 0.453528 0.466806 0.971993 0.964096 0.880112 0.886602 0.914961 0.900971 0.934718 0.821554 0.799912 0.865423 0.870722 0.830388 0.807418 0.960859 0.75987 0.998023 0.805936 0.829667 0.829885 0.933461 0.989048 1 0.833085 0.875157 0.890617 0.915828 0.905331
1 0.981062 0.863431 1 0.872222 0.817291 0.864668 0.872413 0.828691 0.953269 1 0.997067 1 0.904224 0.997416 0.919891 0.819969 0.859969 0.813444 1 0.99113 0.870956 0.9984 0.866345 1 0.960435 0.815181 0.888199 0.813485 0.856217 0.909798 0.941302 0.905253 0.872555 0.940584 0.55546 0.337999 0.714107 0.61938 0.958623 0.977745 0.929266 0.84982 0.742654 0.982364 0.926593 0.931902 0.775518 0.902472 0.947415 0.786776 0.854747 0.929223 0.79199 0.816819 0.790212 0.9752 1 0.919552 0.973203 0.949688 0.855654 0.888823 0.909691 0.936095
0.992396 1 0.942562 0.840156 0.902456 0.817503 0.851415 0.921155 0.980353 0.885464 0.980112 0.96728 0.879408 0.902192 0.96107 0.973186 0.941084 0.89944 0.703256 0.836289 0.865654 0.968087 0.945433 0.960042 0.925127 1 0.967893 1 1 1 0.97478 1 0.883786 0.760784 0.731543 1 0.486732 0.555436 0.437397 0.579834 0.925462 0.854508 0.888703 0.838512 0.791537 0.976827 0.878778 0.801434 0.827154 0.888965 0.959094 0.942595 0.836418 0.929518 0.868358 0.939852 0.918523 0.868064 0.89074 0.917525 0.806418 0.865555 0.892557 0.912471 0.880571
1 0.836483 0.958855 0.847612 1 0.842302 1 0.945991 0.948814 0.988137 0.957111 0.946658 0.944711 0.965113 0.901587 0.841943 0.960144 0.970236 0.84755 0.941169 0.911047 1 0.915204 0.948221 0.918645 1 0.928581 0.846039 0.902893 0.859622 0.863415 0.966282 0.842064 0.993521 0.83045 0.930682 0.619007 0.56369 0.487074 0.517878 0.935804 0.93816 0.874885 0.730393 0.959414 0.885857 0.929573 0.791323 0.827814 0.888267 0.978008 0.865819 0.795128 1 0.866562 0.866862 0.8914 0.963436 0.865248 0.885241 0.859998 0.908054 0.895349 0.83486 1
1 0.875332 1 0.919129 0.983099 0.907028 0.886257 1 0.848231 1 0.99491 0.911774 1 0.96671 0.975682 0.77615 0.92709 0.918426 0.950356 1 0.838239 0.96113 0.932003 0.876875 1 0.863358 0.799014 0.902205 0.970773 0.925512 0.906569 0.759761 0.872703 0.90862 0.871925 1 1 0.508286 0.619948 0.624497 0.590349 0.842068 1 0.947637 0.900748 0.851195 0.963011 0.928747 0.981549 0.892206 0.978682 0.748731 0.886117 0.922089 0.979899 0.863916 0.804075 0.945625 0.94176 0.906171 0.853487 1 0.990509 0.885168 0.90106
0.97418 1 0.950419 1 0.80939 1 0.964466 0.986935 0.917579 1 0.915103 0.959571 1 0.927792 1 0.942482 1 0.873349 0.797007 0.914342 0.989538 0.932427 0.954755 0.983021 0.935985 0.832889 0.862527 0.777573 0.785397 0.76069 0.802563 0.851201 0.914024 0.889213 0.871126 0.91553 0.962364 0.497509 0.441666 0.473087 0.491314 0.900114 1 0.95533 0.872335 0.905202 0.91158 0.936969 0.832723 0.909142 0.940445 0.884471 0.855672 0.885322 0.956895 0.922754 0.876951 1 0.934489 0.898706 0.842402 0.910635 0.840669 0.82403 0.933491
0.932607 0.800991 0.905522 0.882495 0.88481 0.944587 0.696869 1 0.904569 0.803188 0.996859 0.917689 0.978319 0.852345 0.908512 0.979682 0.906034 0.807279 0.940462 0.911842 0.816679 0.862539 0.772209 0.9403 0.909779 0.91577 0.819277 0.808287 0.887755 0.726225 0.927944 0.976424 0.886037 0.973779 0.891713 0.875824 0.89472 0.873748 0.438854 0.416475 0.60528 0.482299 0.977584 1 0.892273 1 0.866559 0.916562 1 0.896581 0.792576 0.785543 0.845673 0.878433 0.87504 0.978296 0.893515 0.995769 0.749025 0.930762 0.901539 0.990476 1 0.876276 0.918888
0.871734 0.933223 1 0.865314 1 0.77407 0.982677 0.874659 0.872995 1 0.965012 1 0.868908 0.926414 0.977538 0.90002 0.830681 0.995255 0.877745 1 0.809421 0.977275 0.822854 0.898422 0.924771 0.8804 0.96528 0.923204 0.819125 1 0.909494 1 0.871743 0.861549 0.85781 0.718516 0.852355 0.956373 0.83062 0.54083 0.536398 0.504084 1 0.896047 0.758398 0.894845 0.972466 0.875348 0.960215 0.936141 0.877003 0.858223 0.944982 0.832011 0.973836 0.850101 0.797038 0.876796 0.806104 0.905556 0.912482 0.950065 0.909172 0.96499 0.923714
0.959064 1 0.825143 1 0.876036 0.860168 0.853801 1 0.897715 1 0.936021 0.769044 1 1 1 0.959332 0.903392 0.97983 0.988009 0.90118 0.931978 0.922509 0.925962 0.92581 0.797526 0.984699 0.895233 0.83538 0.865657 0.904608 0.834063 0.955597 0.875306 0.953136 0.829703 0.776135 0.979404 0.884813 0.865871 0.590894 0.55808 0.452651 0.503191 0.962843 0.988119 0.906912 0.816207 0.878153 0.865909 0.960409 0.87609 0.920248 0.834949 0.788876 1 0.808787 0.80285 0.977938 0.831143 0.94367 1 0.801993 0.998451 1 0.831865
0.946683 1 1 0.805289 0.826222 0.862516 0.896199 0.953444 0.946027 0.942273 1 0.912317 1 0.872639 0.873019 0.952987 0.947163 0.920482 0.997151 0.888463 0.876579 0.93382 0.996805 0.904704 0.90041 1 0.89154 1 0.877158 0.878933 0.975382 0.864128 0.895378 0.815896 0.929457 0.786765 0.908098 0.884507 0.934533 0.954507 0.539755 0.697442 0.481666 0.8769 0.998112 0.869169 0.908201 0.851427 0.918883 0.841151 0.913354 0.894 0.891102 0.876903 0.984848 0.834221 0.955091 0.886678 0.826828 0.987351 0.95394 0.977698 0.91974 0.847685 0.949517
0.972192 0.816687 0.931455 0.915636 0.999645 1 0.896917 0.920923 0.984495 0.828252 0.935069 0.984504 1 0.888043 1 0.926843 0.834006 0.839676 0.954307 0.805661 0.71672 0.909038 0.960725 0.844851 0.995788 1 0.899733 0.850607 0.870389 0.94598 1 0.916872 0.912108 0.926796 0.947901 0.785079 0.901717 0.735997 0.733466 0.841324 0.627602 0.479787 0.538817 0.526051 0.862271 0.98466 0.764203 0.882743 0.763578 0.880151 0.730587 0.968583 0.80289 1 0.880578 0.873471 0.931023 0.993569 0.934381 0.983512 0.99529 0.820026 0.870574 0.982075 0.922134
1 0.959058 0.812157 0.94542 0.906748 0.938262 0.990602 0.914982 0.922224 0.94367 0.906567 0.925375 0.865553 1 0.993875 0.855531 0.916153 0.943133 0.909817 0.868908 0.927917 0.90459 0.934314 0.951983 0.805298 0.81136 0.897546 1 0.962655 0.754236 0.782839 0.764186 0.896916 0.82263 0.759437 0.994389 0.96546 0.894651 0.848825 0.823934 0.855765 0.584682 0.669189 0.554486 0.912488 0.987248 0.884395 0.898984 0.909636 1 0.966747 0.763464 0.845353 0.985679 0.844114 0.972977 0.979327 0.896563 0.927555 0.922743 0.992424 0.880768 0.807017 0.903564 0.873142
0.928967 0.99425 0.944791 0.949079 0.974462 0.910982 0.904577 0.923377 1 0.95997 0.963426 0.959365 0.930274 0.953348 0.933773 1 0.978427 0.911859 0.824521 0.880972 0.863376 0.83502 0.979325 0.778459 0.874759 0.956938 0.896985 0.866017 0.986369 0.839332 0.912989 0.834482 0.852233 0.893896 0.825507 0.909892 0.92306 0.882281 0.90164 0.918963 0.878603 0.412742 0.47518 0.615956 0.466085 0.868872 0.935626 0.95607 0.704191 0.941573 0.894461 0.84345 0.703741 0.920064 0.925611 0.829109 0.866717 0.8996 0.93152 0.938845 0.928132 0.972433 0.850825 0.889778 0.943127
0.871202 0.831332 0.824251 0.947974 0.973094 0.969517 0.947892 0.847444 0.97972 0.849724 1 0.813693 1 0.838475 0.894533 0.880691 0.925888 0.88519 1 0.957589 0.939291 0.949326 0.908189 1 0.889735 0.87035 0.778566 0.830163 0.867974 0.921325 0.878258 0.857639 0.80307 0.987999 0.872288 0.876583 0.7111 0.779268 0.826238 0.944889 0.9642 0.559415 0.4477 0.627158 0.592514 0.895122 0.860746 0.829508 0.908623 0.963606 0.843689 0.881006 0.921636 0.925788 0.954887 0.865665 0.867421 0.782277 0.995667 0.95741 0.927449 0.966239 0.856653 1 0.960171
0.871908 0.96577 0.882046 0.916719 0.936415 1 0.845265 0.937026 0.912924 1 1 0.989251 0.90651 0.800993 0.950873 0.820454 0.998676 1 1 0.956647 0.862776 0.758188 0.948824 0.931616 0.7456 0.978122 0.896448 0.871497 0.936578 0.938093 0.882084 0.882892 0.983512 0.951959 0.971797 0.838254 0.782546 0.909343 0.895406 0.911168 0.970863 0.921995 0.598097 0.619371 0.516298 0.44503 0.948063 1 0.850286 0.776166 0.91657 1 0.893399 0.844372 0.834074 1 0.897306 0.873475 0.866311 0.918831 0.910606 0.866597 0.873146 1 1
0.851918 0.940505 0.871932 0.939453 0.862925 0.99434 1 0.808079 0.933077 0.997916 0.856105 1 1 0.813861 0.820102 1 0.850591 0.981586 0.920773 0.864109 0.995745 0.919727 0.892255 0.897711 0.914803 0.892001 0.93261 0.888113 0.860267 0.918524 0.834758 1 0.933604 0.866045 0.882684 0.807973 0.878882 0.877171 0.834604 0.712415 0.973625 1 0.600426 0.623662 0.448561 0.521001 0.841769 0.825299 0.888286 0.939466 0.849133 0.809368 1 0.756014 0.875874 1 0.981792 0.952339 1 0.906005 0.812326 0.810929 1 1 1
0.922777 0.950086 0.922393 0.982904 1 0.89657 0.832246 0.9336 1 0.821145 0.919348 1 0.905091 0.969059 1 0.983807 0.973541 1 0.959603 0.913757 0.832706 0.898998 1 0.703058 0.878572 0.916819 0.824959 0.9723 1 0.949042 0.872489 1 0.957869 0.894024 0.849172 0.94348 0.847765 0.902926 0.961015 0.797637 0.776024 0.761538 0.976626 0.542919 0.604143 0.592815 0.569153 0.851415 0.969682 0.963542 0.940422 0.724708 0.877818 0.760313 0.791501 0.927288 0.810732 0.900192 0.986322 0.955689 0.955374 0.887257 0.953341 0.907162 0.987256
0.898639 0.971969 0.905161 0.975508 0.801862 0.864225 0.811284 0.870448 0.971823 0.958185 1 0.882735 0.851545 0.908815 0.99728 0.913099 0.835987 1 0.878614 0.940618 0.919885 0.903427 0.87909 0.742015 0.928274 0.907403 1 0.881314 0.866749 0.998727 0.855661 0.960861 0.973025 0.866561 0.879103 0.805381 0.947788 0.947279 1 0.963898 0.740705 0.931054 0.901567 0.48862 0.72477 0.70905 0.446164 0.928415 0.928653 0.815555 0.904588 0.85617 0.908686 0.930513 0.932082 0.841494 0.856906 0.762362 0.943254 0.985347 0.920556 0.914987 0.951656 0.885084 0.782431
0.951062 0.920613 0.89617 0.908027 0.93295 0.920403 0.860394 0.939801 0.967481 1 0.975569 0.895912 0.867802 0.876221 0.99774 0.93411 0.966979 0.986645 0.882161 0.864565 1 0.823356 0.88553 0.860809 0.886526 0.94085 0.922378 0.933164 0.987592 0.907076 0.963725 0.843856 0.862295 0.900418 0.937151 0.831152 0.701561 0.896676 0.829977 1 0.874167 0.798501 0.913702 0.563807 0.472466 0.478723 0.643937 1 0.882575 1 0.874914 0.960778 0.925423 0.843749 0.874815 0.929086 0.917236 0.820202 0.760403 0.880699 0.868985 0.896812 0.961261 0.894844 1
0.933727 0.961898 0.840165 0.966915 0.927669 0.949667 0.901698 0.884436 0.918787 1 0.898178 0.792397 0.845871 1 1 0.980491 0.850229 0.75247 0.94153 0.725178 0.92013 0.87539 0.908518 0.908474 0.962815 1 1 0.695613 0.83165 0.835521 0.926209 1 0.989487 0.889054 0.880372 0.959197 0.85338 1 0.819455 1 0.807218 0.936858 1 0.883522 0.633833 0.671229 0.538866 0.574149 0.997377 0.888598 0.892322 1 0.887743 0.991177 1 0.928893 1 0.920016 1 0.995167 0.807925 0.861696 1 0.981389 0.910527
0.925617 0.979368 0.984834 0.882787 1 1 0.95629 0.933872 0.874516 0.828241 0.793137 0.865948 0.884404 0.901 0.928837 0.832953 1 0.94507 0.933319 0.892516 0.902712 0.916616 0.921966 0.808503 0.925946 0.814837 0.978863 0.888465 0.879726 0.964912 0.789501 1 0.843016 0.906117 0.932565 0.838562 0.87771 0.972392 0.946289 0.791981 0.942262 0.87945 0.882636 0.852107 0.645873 0.534996 0.586552 0.69352 0.978321 0.940822 0.917747 0.798175 0.925634 0.981593 1 0.9267 0.874048 0.922239 0.883104 0.830541 0.93794 0.905039 0.934648 0.842613 0.907757
1 0.893713 1 0.944697 0.955255 0.891609 0.896186 0.965691 0.952754 0.881027 0.9388 0.852168 0.9182 0.96492 0.830149 0.902641 1 0.787422 1 0.909584 0.844047 0.968009 0.997399 0.889932 0.845928 0.846572 1 0.861136 0.851986 0.849679 0.870399 0.902914 1 0.939949 0.944383 0.904183 0.871018 0.883605 0.773483 0.845471 0.899172 1 1 0.964734 0.614188 0.447497 0.481741 0.414209 0.833223 0.797866 0.899011 0.98691 0.929637 0.863145 0.888686 1 0.892221 0.793743 0.971262 0.886582 0.722821 0.938009 0.977366 1 0.937888
0.941105 1 1 0.95002 0.891477 0.755414 0.859037 0.99209 0.963119 1 0.846033 0.825429 0.872764 0.915006 0.945144 0.884 0.920814 0.986523 0.890668 0.952839 0.817534 0.762534 1 0.744573 1 0.960186 0.938284 0.883994 0.909567 0.942858 0.906252 0.982819 0.901261 0.785338 0.8498 0.927206 0.851481 0.813468 0.822901 0.840649 0.96196 0.93326 0.977398 0.87864 0.862335 0.524601 0.46074 0.526471 0.54176 0.841152 0.989726 0.945444 0.935585 0.897058 0.852026 0.979662 0.920695 1 0.887369 0.929156 0.796137 0.813018 0.922436 0.892881 0.814757
