Proyectos/DeforestationModel/output/ndvi_2025.asc
ncols         300
nrows         300
xllcorner     273000
yllcorner     9.548e+06
cellsize      30
NODATA_value  -9999
[rows 145 to 173 of 300, columns 65 to 129 of 300]
0.890479 0.80555 0.750016 0.91232 0.949398 0.897088 0.938107 0.889466 0.726145 0.87597 0.866159 0.83994 0.967801 0.766119 0.687476 0.727798 0.743643 0.604526 0.699483 0.763791 0.811291 0.740622 0.707646 0.791541 0.645294 0.831028 0.87352 0.902726 0.933938 0.869028 0.888527 0.900889 0.830551 0.953719 0.664625 0.789234 0.711388 0.610242 0.459764 0.54224 0.641333 0.977081 0.937473 0.937182 0.826826 0.977349 0.853091 1 0.994303 0.860737 0.975353 0.891895 0.941083 0.877104 0.885964 0.820196 0.759261 1 0.90013 0.88251 0.954905 0.966962 0.877877 0.910855 0.949479
0.943576 0.995272 0.896744 0.956071 0.959311 0.801932 0.940916 0.85461 0.857414 0.989901 0.673982 0.942913 1 0.915767 0.821198 0.810614 0.750968 0.727695 0.744363 0.850243 0.756251 0.865582 0.771965 0.865832 0.816651 0.808362 0.849487 0.900161 0.946026 0.762989 0.776273 0.784444 0.781984 0.849776 0.957697 0.894853 0.78749 0.638744 0.545611 0.722586 0.430181 0.920967 0.940749 0.862328 0.95866 0.924224 0.899246 0.983445 1 0.911552 0.873622 0.898528 0.859911 0.877536 0.763906 0.954207 0.941882 0.932448 0.867296 0.974684 0.874396 0.932171 0.908111 0.936455 0.906208
0.941213 0.847191 0.79421 0.873318 0.860584 0.968545 0.840133 0.968268 0.855353 0.890425 1 0.879146 0.762817 0.823001 0.586206 0.748591 0.73734 0.703214 0.807146 0.867043 0.739284 0.943744 0.856393 0.794235 0.760394 0.844939 0.883997 0.695011 0.850934 0.76142 0.94529 0.883939 0.88051 0.819033 0.794282 0.863154 0.795761 0.387829 0.58107 0.513842 0.611776 0.903963 0.915925 0.84101 1 0.938035 0.92213 0.926544 0.879508 0.879112 1 0.903456 0.917007 0.972433 0.95188 0.843345 0.856127 0.937816 1 0.767767 0.826498 0.92617 1 1 0.879933
0.75711 0.843172 0.806098 0.756626 1 1 0.914451 0.819266 0.941098 0.820942 0.919421 0.964931 0.92945 0.859059 1 0.712232 0.594674 0.713731 0.834279 0.630576 0.695227 0.913692 0.797375 0.877887 0.693575 0.710302 0.848846 0.788153 0.734446 0.895945 0.645841 0.791714 0.798168 0.782037 0.733425 0.973882 0.776646 0.405073 0.500889 0.541557 0.545473 0.897436 0.91914 0.972021 0.745504 0.898545 1 0.90894 0.883354 0.920583 0.869887 0.833926 0.960942 0.996001 0.943087 0.945006 0.854928 0.942316 0.791281 0.937951 0.894279 0.85882 0.867758 0.96135 0.794682
0.962374 0.912212 0.880628 0.967223 0.97386 0.903518 0.825236 0.905273 0.902679 0.906721 0.888329 0.825946 0.873533 0.694079 0.823681 0.716693 0.738666 0.58589 0.687955 0.789201 0.771659 0.736831 0.677338 0.830044 0.725388 0.868703 0.738616 0.666715 0.832878 0.752799 0.794648 0.778029 0.803049 0.767225 0.814503 0.955349 0.770442 0.54518 0.61602 0.421407 0.505976 0.865343 0.957648 0.756743 0.873424 1 0.916686 0.846025 0.935889 0.800555 0.983907 0.911577 0.976813 0.826896 0.954309 0.916874 0.854465 0.861223 0.997207 0.908896 0.903918 0.918393 0.881048 0.888831 0.811684
0.774515 0.839165 0.828704 0.979332 1 0.902723 0.901772 0.931836 0.99469 0.83346 0.860927 0.906201 0.781765 0.785942 0.591233 0.827081 0.796065 0.66846 0.799633 0.840103 0.815748 0.810819 0.715874 0.626646 0.804395 0.937441 0.825686 0.762741 0.773941 0.750356 0.746295 0.868213 0.937997 0.789753 0.853464 0.999986 0.566543 0.447529 0.70919 0.545336 0.566218 0.970685 0.814779 0.895099 0.905122 0.939976 0.918881 0.951966 0.884154 0.801344 0.774481 0.959234 0.947432 0.915868 0.915333 0.974405 0.9122 0.820966 0.799703 0.946119 0.787857 0.923869 1 0.935539 0.93237
0.97789 0.995658 0.948614 0.938663 0.862898 0.941934 0.877834 0.915185 0.817835 0.916091 0.993485 0.834804 0.764887 0.799045 0.886319 0.764621 0.792302 0.772475 0.736258 0.721195 0.703954 0.7532 0.817481 0.780546 0.834775 0.949257 0.90045 0.713723 0.723063 0.943935 0.74729 0.854713 0.86237 0.912303 0.913803 0.847012 0.675573 0.552427 0.578688 0.652333 0.818455 0.886815 0.915176 0.796232 0.88885 0.867812 0.869144 0.876627 1 1 0.844128 1 0.921877 0.979022 0.784027 0.78348 0.993295 0.864953 0.891037 0.843134 0.865448 0.864676 0.869646 0.867158 0.904459
0.988079 1 0.899181 0.845349 0.896594 0.813579 0.906522 0.912015 0.923808 0.919745 0.89486 0.680839 0.784445 0.879092 0.920628 0.737782 0.760146 0.863356 0.795353 0.857851 0.802803 0.821494 0.81107 0.734821 0.74954 0.70058 0.925714 1 0.914937 0.88171 0.936423 0.945859 0.891463 0.752695 0.782091 0.965537 0.83447 0.491337 0.559525 0.475985 0.51569 0.891605 0.965208 0.846814 0.815811 0.928599 0.911515 0.834882 0.963294 0.912888 0.91521 0.834707 0.800287 0.922917 0.854004 0.920356 0.898157 1 0.947872 0.809864 0.825975 0.903158 0.816367 0.805228 0.922755
0.870181 0.814231 0.819707 0.932895 0.933164 0.785046 0.782618 0.938024 0.889114 0.94576 0.890554 0.6963 0.813629 0.536162 0.686152 0.77653 0.775701 0.7734 0.776407 0.797203 0.660786 0.788901 0.773064 0.858036 0.9299 0.953602 0.880453 0.762764 1 0.912698 0.937689 1 0.818618 0.970182 0.891034 0.815715 0.789218 0.709735 0.558439 0.587977 0.65453 0.985354 0.892571 0.717128 0.911261 1 0.922578 1 1 0.81274 0.756353 0.951413 0.891791 0.992347 0.918534 0.844158 0.831761 0.920486 0.915584 0.942532 0.824691 0.832586 0.807439 0.877517 0.885951
0.995134 0.94569 0.838751 0.933713 0.971114 0.993727 0.981382 0.86986 1 0.907812 0.828873 0.793982 0.870357 0.883647 0.839068 0.827866 0.723945 0.773993 0.723793 0.68545 0.717607 0.87207 0.682233 0.923327 1 0.93778 0.913197 0.875997 0.934037 0.992155 0.89965 1 0.942484 0.951838 0.936125 0.847893 0.872969 0.498298 0.597689 0.570023 0.797158 0.772512 0.946174 0.912765 0.928679 0.883748 0.80304 0.98809 0.841469 0.787557 0.712039 0.889646 0.951005 0.883862 0.770802 0.950926 0.884397 0.782408 0.962832 0.854447 0.782228 0.854432 0.930705 0.83643 0.856676
0.829883 0.711131 0.739688 0.974719 0.992851 0.834108 0.883253 0.816944 0.814468 0.978884 0.966196 0.89103 0.815535 0.796479 0.864033 0.723219 0.786723 0.762813 0.818598 0.836346 0.690693 0.711462 0.885022 0.848281 0.804788 1 0.909634 0.750757 0.935424 1 0.928706 0.91912 0.987301 1 0.905933 0.959117 0.967643 0.556971 0.497167 0.620022 0.642071 0.895867 0.978261 0.941292 0.811999 0.896216 0.744209 0.92842 0.78749 0.869041 0.809072 0.901353 0.960705 0.951668 0.931039 0.884995 1 0.925824 0.745083 0.785949 0.798292 0.815922 0.889641 0.879246 0.770351
0.917188 0.868003 0.83126 1 0.856851 0.885375 0.944649 0.860288 0.844255 0.866663 0.87503 0.945728 0.782682 0.836473 0.838217 0.54381 0.503267 0.492533 0.673222 0.818447 0.758807 0.771357 0.790695 0.981887 0.881637 0.87763 0.796511 0.75187 0.982808 0.810253 0.823779 0.933415 0.985582 0.957471 1 0.757638 0.90869 0.61512 0.589102 0.445136 0.561825 0.816606 0.852059 0.956575 1 1 0.871723 0.925533 0.947736 0.838694 0.811796 0.929524 0.922671 0.802122 0.96038 0.833617 0.830327 0.900941 0.907189 0.947324 0.831958 0.876617 0.829678 0.877245 1
0.995561 0.93741 0.925854 0.868335 0.91776 0.846906 0.767157 0.869839 0.850731 0.865316 0.882713 0.790737 0.895166 0.916957 0.651642 0.732611 0.663875 0.855619 0.643944 0.659613 0.718306 0.648649 0.828521 0.761768 0.839016 1 0.916903 0.895456 0.957997 0.948438 0.763955 0.944598 0.854817 0.860042 0.839396 0.959072 0.890377 0.597559 0.730873 0.535715 0.475177 0.984892 0.950531 0.686609 1 0.933544 0.841226 0.838153 0.876563 0.750279 0.883578 0.902686 0.846211 0.985141 0.836027 0.906288 0.832488 0.885754 0.955054 1 0.850134 0.809975 0.881471 0.858361 0.747635
0.942684 0.842897 0.960697 0.889714 0.830399 0.996565 0.914899 0.932164 0.884503 0.826321 0.975502 0.904287 0.735986 0.77555 0.814735 0.56023 0.583821 0.71339 0.791995 0.746305 0.609847 0.829961 0.943441 0.881602 0.837723 0.974859 0.852084 0.959169 0.920213 0.954785 0.964468 0.979683 0.92561 0.815301 1 0.847491 1 0.612512 0.501567 0.35547 0.450528 0.980312 0.86306 0.890072 0.891312 0.918268 0.992991 0.94112 0.764681 1 0.86737 0.751468 0.850251 0.997574 0.826827 0.959581 0.903578 1 0.888605 1 0.874322 0.846237 0.848829 0.725915 0.878675
1 0.782779 0.894668 0.723144 0.923436 0.880307 0.843657 1 0.933017 0.932412 0.839696 0.911148 0.620165 0.879979 0.84722 0.831799 0.739144 0.695536 0.555619 0.490704 0.751365 0.644613 0.846802 0.891361 0.818134 0.976737 1 0.877946 0.894652 1 0.990572 0.890602 0.81505 0.871588 0.88516 0.945496 0.89697 0.873922 0.643086 0.465505 0.502145 0.373299 0.959881 0.969954 0.882449 0.990801 0.803406 0.979945 0.953917 0.851113 0.987706 0.913252 0.874838 0.876732 0.922455 0.727096 0.798463 0.775524 0.846314 0.896928 0.823658 0.774619 0.809083 0.9224 0.850313
0.87321 0.839923 0.929177 0.731144 0.974458 0.886716 0.929467 0.983943 0.840654 0.944247 0.889353 0.897858 0.790763 0.818843 0.899017 0.572669 0.823298 0.684568 0.78349 0.699792 0.600882 0.946017 0.712705 0.846921 0.915938 0.923897 0.864162 0.900919 0.840033 0.828752 0.892455 0.986656 0.93503 0.943965 0.916933 0.849309 0.899224 0.998945 0.624049 0.611463 0.536441 0.645799 1 0.847331 0.947234 0.899835 0.885067 0.990772 0.866272 0.947112 0.873967 0.84804 0.729743 0.872536 0.831654 0.804279 0.773946 0.883881 0.930299 0.822554 0.815231 0.847115 0.777794 0.903873 0.869106
0.91219 0.988929 0.748966 0.922983 0.866271 0.919053 0.91315 0.910442 1 0.979705 0.958525 0.765979 0.778687 0.797935 0.885406 0.668004 0.64013 0.602202 0.464087 0.632654 0.596413 0.865242 0.882725 0.836583 0.908697 0.93676 0.69856 0.800023 0.950328 0.95346 0.962716 0.970595 0.906388 0.918763 0.95407 0.783483 0.889158 1 0.538722 0.634433 0.595953 0.553454 0.905372 0.851325 1 1 1 0.916419 1 0.887333 0.872416 0.843089 0.896306 0.814903 0.937649 0.921219 0.937423 0.755558 0.918888 0.912763 0.821609 0.849832 1 0.794321 0.878026
0.944915 0.891927 0.930447 0.895691 0.906733 0.937621 0.93833 1 0.737954 0.935099 0.901385 0.769117 0.8978 0.672233 0.739511 0.750854 0.732162 0.549338 0.435599 0.602793 0.748812 0.744125 0.748611 0.783779 0.865314 0.874287 0.962268 0.73692 0.924395 0.918625 0.88728 0.914937 0.907944 0.874102 0.84134 0.926139 0.976371 0.995734 0.531067 0.317433 0.690088 0.560298 0.855914 0.964951 0.882156 0.929816 0.873794 0.852897 0.748555 0.933942 0.983315 1 0.943795 0.968143 0.833124 0.828783 0.844561 0.998561 1 0.822114 0.738752 0.825065 0.884017 0.984935 0.818665
0.958162 0.691574 0.989538 0.772089 0.905127 0.773563 0.752328 0.810121 0.82756 0.927633 0.653044 0.817284 0.706192 0.722065 0.649207 0.659331 0.57707 0.551617 0.653857 0.627734 0.490384 0.734553 0.831754 0.588975 0.860786 0.759862 0.827816 0.940616 0.895318 0.77817 0.860329 1 0.937638 0.781109 1 0.929223 0.935012 0.983356 0.903432 0.56762 0.473097 0.389203 0.650793 0.818911 0.965246 0.931452 0.989955 0.914674 0.823498 0.910664 0.861847 0.925702 0.840258 0.957566 0.833431 1 0.947149 0.891179 0.836395 0.882312 0.818048 0.918452 0.968309 1 0.980374
0.942806 0.971949 0.904775 0.917802 0.856691 0.874383 0.759018 0.824726 0.737114 0.780165 0.733237 0.858316 0.784883 0.669586 0.665986 0.64638 0.717357 0.570023 0.733086 0.630478 0.612845 0.538934 0.619088 0.589014 0.806836 0.790961 0.861835 0.879801 0.795446 0.965367 1 0.900882 0.899904 1 0.949893 0.7847 0.829426 0.838329 0.934284 0.56917 0.464265 0.701233 0.565929 0.9041 0.967982 0.9534 0.799725 0.902705 0.772437 0.740257 0.869277 0.951095 0.801119 0.944823 0.796873 0.80202 0.898455 0.774562 0.871726 1 0.740939 0.862529 0.800938 0.745381 0.884056
0.899919 0.947749 0.913387 0.895962 0.926623 0.648383 0.733326 0.713654 0.807473 0.815438 0.773757 0.685608 0.852102 0.882791 0.768355 0.635623 0.595436 0.706331 0.647878 0.7451 0.620413 0.683804 0.732951 0.819345 0.728898 0.87031 0.696048 0.952621 0.986635 0.793522 0.914897 0.901609 0.803332 0.923681 0.926742 0.933697 0.848402 0.801612 0.899792 0.608202 0.507089 0.568199 0.53274 0.803286 1 0.927941 0.857738 0.926992 0.890415 0.949278 0.946989 0.883618 0.939504 0.861408 0.974266 0.885828 0.917381 0.844862 0.92505 0.935353 0.975803 0.984092 0.917935 0.972233 0.879985
0.845571 0.886791 0.829358 0.737179 0.936721 0.811723 0.828723 0.860396 0.901363 0.736836 0.912268 0.938813 0.676667 0.737581 0.831241 0.742402 0.788313 0.60733 0.694687 0.494518 0.668248 0.643916 0.656644 0.696536 0.62668 0.770426 0.719413 0.694728 0.879646 0.916122 0.86964 0.867082 0.923422 0.708003 0.780352 0.905465 0.804465 0.979757 0.849357 0.869171 0.523324 0.458767 0.443358 0.544762 0.943489 0.846393 0.703166 0.88609 0.952172 0.86019 0.970924 0.831368 0.77146 0.878135 0.820511 0.823498 1 0.905178 0.838483 0.919914 0.906958 0.84272 0.934961 0.788275 0.77402
0.813464 0.783027 1 0.889698 0.960399 0.958412 0.939401 0.914573 0.876607 0.865747 0.773166 0.77894 0.747113 0.623803 0.606517 0.847558 0.900498 0.608508 0.548319 0.694262 0.640733 0.658192 0.731907 0.857911 0.758151 0.725017 0.81285 0.890366 0.814105 0.913019 0.780638 0.790605 0.835307 0.937114 1 0.959229 0.912471 0.771357 0.888315 0.98946 0.521483 0.534638 0.523934 0.453002 0.86958 0.945188 0.945363 0.838315 0.955188 0.934085 0.976255 0.821702 0.71709 0.861341 0.910786 0.858678 0.978835 0.92169 0.778521 0.773501 0.89783 0.873098 0.827964 0.833898 0.828943
0.800854 0.872523 0.854351 0.873795 0.961905 0.969367 1 0.85753 0.842696 0.832008 0.769175 0.743597 0.854164 0.842526 0.878558 0.867169 0.7973 0.702051 0.706815 0.722562 0.719996 0.679924 0.792609 0.567544 0.754268 0.740978 0.712441 0.727251 0.793237 0.712919 0.837712 0.669424 0.808881 0.820311 0.809845 0.789506 0.884335 0.885462 0.788278 1 0.949376 0.469358 0.537551 0.457111 0.427391 0.890285 0.831783 0.9362 0.851349 0.804239 0.836434 1 0.832589 0.886287 0.858045 0.89762 0.820991 0.965538 0.829438 0.870201 0.972692 0.894027 0.917709 0.96853 0.884537
0.977785 0.98053 1 0.961222 0.995048 0.965086 0.831393 0.758735 0.857954 0.856862 0.876896 0.72839 0.780424 1 0.75846 0.743224 0.766516 0.748237 0.661006 0.679594 0.817263 0.76465 0.732762 0.681969 0.806459 0.567246 0.581057 0.726003 0.697527 0.788656 0.864548 0.800402 0.673642 0.908733 0.834737 0.866763 1 0.857838 0.929659 0.863832 0.891644 0.455026 0.714625 0.516524 0.620824 0.847025 0.879675 0.832154 0.830273 0.821118 0.884323 0.965088 0.77266 0.94079 0.876784 0.880073 0.94628 0.858769 1 0.916704 0.848698 0.832734 0.865812 0.887376 0.975794
0.928379 0.973765 0.93871 0.896874 0.779083 1 1 0.928122 0.906164 0.990198 0.970337 0.941123 0.949462 0.846429 1 0.825901 0.781657 0.74005 0.734291 0.834526 0.673287 0.589069 0.75486 0.620008 0.601326 0.681396 0.801738 0.873896 0.916618 0.813614 0.709192 0.735695 0.72031 0.8124 0.849546 0.737699 0.759006 0.796622 0.973022 0.790998 0.765765 0.953623 0.645771 0.485683 0.599835 0.97789 0.975765 0.760043 0.905848 0.766402 0.842528 1 0.89377 0.799395 1 0.88905 0.87507 0.883367 0.920039 0.961071 0.908688 0.936882 0.861319 0.804067 0.853662
0.925039 0.948543 0.949512 0.937119 0.937551 0.907208 0.934154 0.892089 0.985543 1 0.786169 0.801874 0.832774 0.820073 1 0.832366 0.821393 0.755406 0.741924 0.592856 0.443903 0.723442 0.583875 0.61635 0.459056 0.531059 0.7369 0.602007 0.560429 0.762123 0.776952 0.772454 0.669377 0.65373 0.603985 0.748575 0.835205 0.84502 0.807691 0.820699 0.826119 0.961273 0.551701 0.502673 0.532037 0.600088 0.917444 0.895067 0.784054 0.919463 0.876633 1 0.843089 0.911272 0.910473 0.940253 0.932594 0.684138 0.806069 0.905459 0.860373 0.861817 0.762905 0.911625 1
0.843325 0.908553 0.902904 0.805689 0.986328 0.889128 0.889452 0.894747 1 0.80623 0.816956 0.937 0.897727 1 0.916169 0.96233 0.854326 0.686901 0.615123 0.723528 0.807979 0.584618 0.683557 0.703975 0.566007 0.564803 0.76992 0.704474 0.881337 0.649153 0.772349 0.559034 0.727511 0.791641 0.724795 0.683377 0.773113 0.659091 0.734927 0.895916 0.850925 0.748298 0.88736 0.594157 0.669884 0.499345 0.845911 0.859707 1 0.756033 0.925766 0.815766 0.855848 0.942295 0.909839 0.790334 0.903857 0.999287 0.745363 1 0.888218 0.89479 0.837069 0.949234 0.950139
0.987606 1 0.807397 0.935543 0.972758 0.824651 0.97547 0.814398 0.995432 0.885213 0.999706 0.820141 0.933023 0.858488 0.925894 0.970146 0.896407 0.52403 0.657651 0.635971 0.591674 0.679529 0.709547 0.642228 0.63268 0.495103 0.654668 0.630095 0.601058 0.579801 0.577246 0.721324 0.780064 0.836089 0.73336 0.799667 0.733372 0.886563 0.954034 0.7977 0.803712 0.832214 0.837917 0.529544 0.564354 0.460868 0.567822 0.669879 1 0.846154 0.880893 0.944397 1 0.84597 0.828765 0.972532 0.812343 0.949131 0.92346 0.969227 0.776855 0.77725 0.796768 1 0.87969
