Proyectos/DeforestationModel/output/ndvi_2015.asc
ncols         300
nrows         300
xllcorner     273000
yllcorner     9.548e+06
cellsize      30
NODATA_value  -9999
[rows 203 to 231 of 300, columns 198 to 263 of 300]
0.986546 0.99626 0.969876 0.955869 1 0.856772 0.987466 0.961645 0.925263 0.966407 0.988573 1 0.893716 0.951802 0.85211 0.920942 0.967165 0.802373 0.882201 0.964172 0.919827 0.913819 0.994468 0.970625 0.77078 0.941989 0.783619 0.989563 0.826327 0.876096 0.980989 0.848208 0.814211 0.963975 0.90926 0.914567 0.903414 0.891682 0.785921 0.877919 0.852336 1 0.878674 0.767634 0.930614 0.804061 0.932312 0.897689 1 0.659708 0.41015 0.618864 0.569267 0.764776 0.668025 0.514445 0.959004 0.975215 0.861862 0.977085 0.772747 0.871419 0.932258 0.914288 0.748896 0.776917
0.779723 0.991543 1 0.977807 0.848604 1 0.89356 0.899835 1 0.897588 0.923895 0.903788 0.957887 1 0.939095 1 0.963956 0.980195 1 0.860089 0.94791 0.860081 0.924909 0.83431 1 0.868855 0.976289 0.954068 0.909725 1 1 0.984263 0.998671 0.940838 0.967177 0.719444 0.816228 0.912487 0.93202 0.911032 0.882725 0.90561 1 0.959805 1 0.886568 0.96618 0.911609 0.918689 0.525592 0.564011 0.531101 0.467668 0.691692 0.561694 0.588031 0.565312 0.923811 0.801167 0.733807 0.679168 0.979466 0.729118 0.906477 0.81238 0.763802
0.974027 0.923906 0.90039 0.89986 0.932591 0.988342 0.958289 0.897859 0.889195 0.800979 0.932149 0.857295 1 0.820737 0.856465 0.915061 0.94558 0.915452 0.893472 0.863716 0.899966 0.983837 1 1 0.877378 0.85179 0.949952 0.922069 0.849109 0.989439 0.811297 0.790768 0.854551 0.753264 0.919402 0.984274 0.914759 0.921207 0.949922 0.94196 0.913655 0.875191 0.835598 0.879377 0.952712 0.930303 0.934593 0.941879 0.831934 0.829396 0.736265 0.751154 0.571492 0.48644 0.550838 0.637487 0.496646 0.554886 0.590753 0.886097 0.795611 0.755205 0.706412 0.981667 0.862618 0.714086
0.881517 0.838149 0.925429 0.901367 0.843422 0.895515 1 0.965713 0.95316 0.855466 0.875624 0.912908 0.938318 1 0.899031 0.848089 0.895752 0.840892 0.770777 0.810536 0.932697 0.699156 0.943409 0.974824 1 0.93244 0.950897 0.980739 0.947602 0.896679 0.868225 0.991921 1 0.865835 1 1 0.90561 0.93803 1 1 0.887063 0.879434 0.951081 0.929154 0.83212 0.92601 0.845999 0.817172 0.933833 0.89873 0.806237 0.531002 0.407595 0.644529 0.635936 0.545177 0.501576 0.599783 0.501653 0.769079 0.728348 0.754738 0.85434 0.627264 0.855432 0.791359
0.969516 0.994573 0.932829 0.914591 0.965003 0.988134 0.990098 0.83961 0.941867 1 0.941159 0.967568 0.936433 0.916418 0.875668 0.888262 1 0.976095 0.925839 0.903764 0.834102 0.942277 0.983899 0.877428 0.979387 0.826918 0.906762 0.853825 0.892299 0.861538 0.860025 0.9897 0.957149 1 0.733068 0.978507 0.942156 0.977655 1 0.954326 0.851695 0.924621 0.960958 0.861283 1 0.939828 0.977978 0.947346 0.873129 0.956913 0.970648 0.664006 0.520458 0.456243 0.508858 0.668653 0.552781 0.611435 0.86456 0.628361 0.642371 0.68055 0.756109 0.948735 0.734932 0.823568
0.859058 1 1 0.880459 0.951232 0.910487 0.940878 0.942566 1 0.920263 1 0.992937 0.91345 0.822088 0.883134 0.836061 0.961741 0.893702 0.8188 0.802065 0.976306 0.94665 0.857307 0.877968 0.830889 1 0.968402 0.803447 0.739284 0.94276 1 0.924389 0.849335 0.996673 0.683462 1 0.955487 0.906183 0.821259 0.92955 0.908727 0.921791 0.964814 0.881212 0.952113 1 0.915979 1 0.939534 0.980869 0.883644 1 0.562269 0.475473 0.688592 0.655461 0.647874 0.492114 0.748069 0.618826 0.766842 0.658697 0.748796 0.652198 0.657406 0.786952
1 0.969703 0.96173 0.966879 0.985894 0.857739 0.887196 0.880281 1 0.918182 0.789411 1 0.910264 0.840455 0.923689 0.97442 1 0.875269 0.92872 0.869146 0.9579 1 0.953504 0.955329 0.916563 0.908633 0.87413 0.951229 1 0.995035 0.756206 1 0.757634 0.970816 0.793363 0.899637 0.904452 1 1 0.888595 0.982316 0.718992 0.920554 0.948376 0.818471 0.854016 0.847571 1 0.916481 0.961803 0.88289 0.954189 0.937307 0.580123 0.581626 0.576426 0.760258 0.562794 0.447916 0.791064 0.898816 0.37803 0.669522 0.677858 0.695787 0.856434
0.813752 0.899986 1 1 0.905233 0.975824 0.924509 0.944318 1 0.880546 0.926555 1 0.804891 0.898999 0.889003 0.935517 0.956896 0.893023 0.92038 1 0.938842 0.99912 0.949189 0.837157 0.901684 0.958162 0.905182 0.87562 0.899816 0.965563 1 0.868813 0.937104 0.869323 0.949216 0.960169 0.998821 0.946585 0.990815 0.85739 0.970298 0.999407 0.891118 0.979922 0.816114 0.953371 0.912803 0.868663 0.913392 0.926023 0.905645 0.983804 0.885557 0.94735 0.679992 0.44376 0.606395 0.776169 0.870616 0.753069 0.866019 0.684333 0.847351 0.803022 0.605895 0.573626
0.912174 0.881989 0.948239 0.829803 0.917349 1 0.906612 0.990164 0.8538 0.872923 0.922196 0.934062 0.912095 0.86347 0.952986 0.832995 0.960326 0.992172 1 0.840126 0.968433 0.953068 0.991825 0.943362 0.922907 0.991191 0.90719 0.985319 0.866731 0.88783 0.984899 0.9182 0.908207 0.871007 0.960421 0.977953 0.965358 0.897697 0.909813 0.877435 0.992798 0.983277 0.96158 0.863963 0.851564 0.870094 0.908513 1 0.946398 0.979809 0.887142 0.988951 1 0.90332 0.64478 0.592796 0.709608 0.784792 0.755836 0.639324 0.685812 0.714067 0.811039 0.816522 0.795918 0.931304
0.99858 0.964906 0.94921 0.887151 0.877925 0.883814 0.801301 0.933575 0.902245 0.959163 0.839682 0.923654 0.799196 1 0.856533 0.984902 0.688018 0.944473 0.865799 0.85927 0.955951 1 0.680402 0.84987 0.905019 0.942045 0.92364 0.951984 0.988329 1 0.884371 0.968446 0.961489 0.946173 0.92463 0.936999 0.869134 0.991988 0.962655 1 0.966551 0.912659 1 1 0.919633 0.861427 0.734147 1 0.902988 0.968632 0.902598 0.885746 0.879109 0.968381 0.897296 0.612407 0.720282 0.798228 0.690542 0.888849 0.696905 0.715417 0.79217 0.780749 0.660017 0.796262
0.985381 0.858823 0.977441 0.931079 0.90161 0.991627 0.94366 0.982681 0.992514 0.875297 0.938299 0.845379 1 0.93629 1 0.918389 0.959513 0.997376 0.904324 0.776351 0.96419 0.845733 0.961404 0.995305 0.905722 0.94418 1 0.845241 0.887589 1 1 1 0.985706 0.860481 0.796618 0.947793 0.855861 0.934694 1 0.95914 1 0.895835 0.962292 0.884391 0.90716 0.99081 1 0.998946 0.971537 0.913306 0.917316 0.94869 0.918759 0.931402 0.898617 0.906202 0.914249 0.514635 0.678484 0.823174 0.706053 0.791199 0.598403 0.735341 0.6099 0.711268
1 0.890137 0.949845 0.960205 0.965307 0.982781 1 0.954191 1 0.813904 0.780296 0.834834 0.781268 0.859087 0.979981 0.883195 1 0.838359 0.958147 0.956101 0.837242 0.999964 0.931747 0.939377 0.894157 0.883269 0.954887 0.925596 0.865259 0.855374 0.96126 0.986313 0.953986 0.805837 0.938775 0.931645 0.994867 0.983882 0.944245 0.904512 0.932751 1 0.902793 0.897113 0.972292 0.742651 0.954564 0.85383 0.933854 0.876089 0.953738 0.905634 0.84185 0.958158 0.975179 1 0.821173 0.655896 0.805265 0.748897 0.69691 0.685141 0.854375 0.753909 0.713737 0.720612
1 0.907183 0.945252 0.952258 0.840017 0.919788 0.845602 0.956109 0.958452 0.970409 1 0.93901 0.975983 0.948886 0.963858 0.90468 0.921914 0.998781 0.8821 0.859739 0.866365 1 0.850437 0.911229 1 0.948543 0.928867 0.877561 0.86475 0.974515 0.869012 0.85577 0.888353 1 0.923191 0.945487 0.85102 0.97254 0.937054 0.947692 0.979548 0.848006 0.98274 0.950332 0.825499 0.895773 0.941713 0.85632 0.934578 0.932159 0.895773 0.794747 0.931417 0.847973 0.848317 0.93076 0.803353 0.785274 0.670984 0.746739 0.866196 0.636463 0.614562 0.721759 0.668006 0.764029
1 0.877707 0.939836 0.803585 0.883559 1 0.905241 0.973825 0.864153 0.897769 0.911646 0.827384 0.893346 0.919858 0.704451 0.990934 0.893344 0.929036 0.89236 1 0.860349 0.816287 0.891317 0.925779 1 0.976451 0.829379 0.932414 0.895306 0.960683 0.919211 0.921448 0.88235 0.965559 0.773432 0.883736 0.934938 0.980128 0.934489 0.940531 0.896782 0.946188 0.878237 1 0.888665 1 0.883157 0.977474 0.898785 0.816218 0.90893 1 0.986535 0.892536 0.951956 0.885193 0.830766 0.904183 0.624474 0.751216 0.731701 0.809061 0.782994 0.790096 0.74736 0.64637
0.76858 0.848747 0.944224 0.909684 0.942032 0.925017 0.92186 0.935861 0.694575 1 0.800352 0.976993 0.823376 0.883132 0.848011 0.784238 0.992953 0.961314 0.919906 0.85816 0.848242 0.86565 0.973052 1 0.940361 0.79827 0.94547 0.902381 0.889722 0.919281 0.985921 0.905898 0.995358 0.88509 1 0.976987 0.966497 1 0.983094 0.932681 0.992918 0.955343 0.890553 0.905183 0.831844 0.881375 0.952216 0.86642 0.898649 0.882362 0.891719 0.889432 0.874651 1 0.971967 0.936406 0.768293 0.868891 0.916883 0.788194 0.751328 0.682948 0.645688 0.730591 0.628189 0.867013
0.883003 0.925208 0.943209 0.839705 0.976937 0.875124 0.920525 0.969472 1 1 0.850456 0.873651 0.984391 0.984973 0.937899 0.939779 0.899791 0.89697 0.873709 0.838752 0.975268 0.909389 0.988954 0.892259 0.977692 1 1 0.788306 1 0.9723 0.996519 1 0.928939 0.906527 0.82952 0.960777 0.82568 0.876607 0.923864 0.896302 0.910132 0.981269 0.987948 0.866108 0.933635 0.937762 0.909958 0.903172 0.969412 0.972782 1 0.776972 0.859592 0.945082 0.923251 1 0.87246 0.75863 0.79943 0.906496 0.709717 0.509197 0.683905 0.707084 0.796883 0.6773
0.92896 0.942106 0.97592 0.894449 1 0.93606 0.922025 0.883137 0.931689 0.882934 0.956062 0.946565 0.943483 1 1 0.846585 0.910429 0.968057 0.977983 0.874377 0.976196 0.884137 0.900992 0.893072 0.876077 0.972463 0.896182 0.978104 0.987975 0.862229 0.920092 0.895613 0.967771 1 1 0.995653 0.916432 0.938684 0.984259 0.90694 0.798328 1 0.870348 0.985365 0.976567 0.981131 0.962863 1 0.897955 1 0.959099 0.793172 0.940254 0.877728 0.969483 1 0.871611 0.921144 0.832668 0.668201 0.763248 0.592407 0.665711 0.845509 0.863263 0.680035
0.867033 0.984011 0.914671 0.941328 0.977715 0.928172 0.79827 0.990497 0.935649 0.907168 0.866886 0.93377 0.925116 0.958477 1 0.887124 0.90274 1 0.949786 0.978712 0.846942 0.864859 1 0.882298 0.961665 0.99232 0.936893 1 0.866465 0.896477 0.907312 0.882451 0.926592 0.934094 1 0.972722 0.902045 0.827039 0.941363 1 0.899987 0.928036 1 1 0.983365 0.885749 0.993892 0.911474 0.894496 0.986522 0.994131 0.921261 0.946588 0.905415 0.979995 0.868479 0.859441 0.751312 0.830074 0.78153 0.93369 0.802941 0.717932 0.706252 0.698154 0.547675
0.983745 0.933983 0.928652 0.867043 0.902588 0.96029 1 0.83915 0.900271 0.861562 0.900958 1 0.981896 0.792623 0.9709 0.839378 0.949799 0.892804 0.95388 0.984335 0.942522 1 0.83194 0.859716 0.901861 0.993462 0.992419 0.918445 0.961431 0.996441 0.941345 0.882649 0.992146 1 0.876222 0.897833 0.81022 0.975659 0.931883 0.776388 0.884888 0.959323 0.870096 0.898467 0.898458 0.98378 0.996938 0.892218 0.830089 0.988643 0.813816 0.959192 1 1 0.916157 0.748597 0.865112 0.647788 0.834282 0.807893 0.883886 0.790157 0.825394 0.738904 0.570773 0.832888
0.887927 0.902418 0.943072 0.837571 0.905564 1 0.97293 0.886257 0.976772 0.909873 0.886262 0.874798 0.869837 0.791186 0.910938 1 1 1 0.845258 0.820936 0.82183 1 0.928857 0.883214 0.866529 0.943799 0.900778 0.932178 0.965809 1 1 0.934 0.877454 0.965034 0.98556 0.897751 0.882956 1 0.965586 0.76591 0.835613 0.886097 0.865025 0.98621 0.911303 0.880462 0.908966 0.876812 0.990475 0.927044 1 0.962323 1 1 0.780278 0.975449 0.962635 0.831728 0.731066 0.699802 0.753945 0.817356 0.892279 0.817581 0.871163 0.809905
0.853503 0.920298 0.967488 0.887362 0.807928 0.863853 0.874854 0.915283 0.933561 0.89726 0.957788 0.894078 0.805367 0.924094 0.905966 1 0.91314 0.975979 0.99228 0.957682 0.84981 0.904891 0.922033 0.983337 0.776096 0.961134 0.952722 0.945976 0.894409 0.957078 0.928004 0.80221 0.892679 0.926268 0.818438 0.991441 0.975301 0.842368 0.871688 1 1 0.935342 0.895271 0.967412 0.876928 0.959963 0.960494 0.870714 0.990557 0.935564 0.890633 0.875916 0.894036 0.948991 0.897999 0.926313 0.896314 0.659643 0.738026 0.81595 0.883689 0.878198 0.820032 0.803834 0.76627 0.872595
0.910158 0.91149 0.847723 0.981448 0.849283 0.999353 1 0.934947 0.995012 0.926885 0.870685 0.964797 0.926019 0.957253 0.891736 0.910499 0.854831 0.887842 0.860335 0.935922 0.909012 1 0.974739 1 0.88842 0.970031 0.961829 0.850307 0.820712 1 0.932344 0.981118 0.936021 0.92197 0.94676 0.904742 0.971431 1 0.855591 0.836938 0.989994 0.920149 0.797127 0.89279 0.779862 0.957343 0.933928 0.903263 0.919618 0.882801 0.835187 0.936367 0.895827 1 0.887903 0.873026 0.894301 0.863411 0.692732 0.876275 0.826444 0.851164 0.662674 0.734295 0.60724 0.75842
0.753946 0.893661 0.94739 0.7798 0.882609 0.847571 0.901176 0.988316 0.947919 0.975831 0.874751 0.901684 0.888748 0.965177 1 0.916482 0.98765 0.887837 1 0.891701 0.980338 1 0.907965 0.949829 1 0.910041 0.904165 0.93008 0.892473 0.946275 0.947099 0.909369 1 1 1 0.969777 0.920977 0.940963 0.895799 1 1 1 1 0.875446 1 0.945952 1 0.92249 1 0.892262 0.786574 0.853497 0.92977 0.865286 0.952239 0.955247 0.983288 0.671827 0.757761 0.77473 0.803547 0.752186 0.740295 0.976793 0.821006 0.859885
0.955718 0.846802 0.859859 0.956957 0.909454 0.94232 0.835894 0.980525 1 0.889729 0.853698 0.893217 0.861812 0.90263 0.901318 0.855466 0.897981 0.942652 0.972308 0.855233 0.904131 0.801735 0.760174 0.866736 0.834831 0.852178 0.904441 0.90093 1 0.956298 0.905165 0.925465 0.833709 0.880033 1 1 0.862511 0.922959 0.757044 1 0.945635 1 0.924551 0.951166 0.992887 1 1 0.782577 0.949915 0.894182 0.907697 1 0.906158 0.917396 0.835607 1 0.842897 0.943472 0.844609 0.833992 0.868681 0.731406 0.738639 0.766371 0.884784 0.905429
0.972586 0.920055 0.913087 0.912633 0.968127 0.98092 0.938003 0.867425 1 0.994845 0.945423 0.957579 0.844271 0.916532 0.840515 0.854371 0.904045 0.842109 0.97242 1 0.738922 0.935186 0.919315 0.955323 0.897618 0.822059 1 0.964939 0.887373 0.905901 0.949401 1 0.972068 0.988987 0.918005 0.952286 1 0.9364 0.873507 0.921099 1 1 0.913902 0.753528 0.993271 0.961613 0.956033 0.966812 0.995343 0.901081 1 1 0.997986 0.96934 0.852073 0.908956 0.974407 0.921953 0.85807 0.888515 0.843905 0.7715 0.926642 0.84529 0.901787 0.755289
0.884609 0.830395 0.874014 0.882957 0.948888 0.86236 0.854143 0.782573 0.838363 1 0.863153 1 0.871957 0.97016 0.880479 0.927094 0.984922 0.990382 0.931918 0.943248 0.865748 0.981321 0.858534 0.958814 0.993071 0.992215 0.950267 0.880845 0.885033 0.997028 0.911246 1 0.870021 0.875488 0.925583 1 0.859443 0.964206 1 0.851449 1 0.90727 0.962273 0.945617 0.919225 0.873136 0.990296 0.884167 0.974844 0.963607 0.953701 0.96304 0.940014 0.861268 0.975567 0.857616 0.888092 1 0.594007 0.835394 0.92003 0.848963 0.731712 0.849134 0.879113 0.740934
1 0.960462 0.908623 0.872925 0.978495 0.820647 0.934947 0.892815 0.858565 0.967196 0.925942 0.759862 0.999409 0.986769 0.88313 0.791143 0.947489 0.773207 0.90026 1 1 0.881119 0.979784 1 1 1 1 0.829338 0.938637 0.853611 0.870401 0.943906 0.934313 0.898634 0.88715 0.87342 1 1 0.950829 0.959513 0.856883 0.984838 0.984801 1 0.951777 0.94231 1 0.862667 0.901551 0.734143 0.955127 0.927311 1 0.891534 0.963294 0.909341 0.960323 0.878383 0.934056 0.801979 0.769004 0.932816 0.85465 0.805179 0.876799 0.789364
0.844833 0.866281 0.91565 1 0.747942 0.965337 0.939216 0.814231 0.754989 1 0.9713 0.925337 0.898484 0.883088 0.936909 0.94395 0.739096 1 0.986158 0.885357 0.925917 0.932108 0.923352 0.934267 0.959474 0.932383 0.901846 0.959623 0.945381 0.949236 0.937794 0.985355 0.879741 0.917719 0.964466 0.920699 0.944136 0.95982 0.968445 0.978151 0.816863 0.910913 0.997959 0.902001 0.942128 0.844757 1 0.972666 0.825426 0.811921 1 0.957114 0.925212 0.827224 0.925876 0.966185 0.983181 0.832886 0.903351 0.838917 0.743095 0.844817 0.675723 0.691996 0.581363 0.827394
0.835721 1 0.903512 0.866475 0.875601 0.86141 0.897219 0.931059 0.777741 0.822665 0.883949 0.961089 0.884838 0.969599 0.89294 0.961849 0.887413 0.954937 0.786179 0.881344 0.939028 0.980045 0.847932 0.873221 0.835776 1 0.935651 0.867218 0.85932 0.964385 0.888949 0.969516 0.954292 0.952799 0.816089 1 1 0.827685 0.95883 0.991254 0.962087 1 0.924075 0.892287 0.952223 0.945006 0.873421 0.906293 0.868821 0.928433 0.941853 0.978353 0.953572 0.778706 0.706915 0.99104 1 0.986191 0.970556 0.881082 0.89845 0.844367 0.836638 0.6628 0.738766 0.75811
