Proyectos/DeforestationModel/output/sdp.asc
ncols         300
nrows         300
xllcorner     273000
yllcorner     9.548e+06
cellsize      30
NODATA_value  -9999
[rows 0 to 33 of 300, columns 78 to 155 of 300]
0.0436705 0 0.012362 0 0 0 0 0.0878117 0.000209065 0 0.0373076 0 0.0333967 0 0.00191253 0 0.0143466 0.0817229 0 0 0 0 0 0 0.000487603 0 0.150843 0 0 0.126015 0 0.0604236 0.1212 0.0546387 0.156826 0 0 0.0539902 0 0.0332939 0.208137 0 0 0 0.158579 0 0 0.0025118 0 0 0.0861997 0.0524382 0 0.0142856 0.13795 0 0.129812 0 0 0 0.0391637 0.0834257 0.0708737 0 0.0530639 0 0.0439986 0.0634305 0.081275 0 0.120222 0.0034397 0 0.082766 0.146818 0 0.115459 0.0304456
0 0.091427 0 0.023593 0.193306 0.0461823 0.0946214 0 0 0.141305 0 0.0168031 0.010029 0 0.147852 0 0 0 0.00390733 0.114585 0.260599 0.0279525 0.194817 0.0643968 0.0132303 0 0.0863558 0.171641 0 0 0 0.0288003 0.0617449 0 0 0 0.0208207 0 0.0943194 0 0 0.0123451 0 0.0553279 0.0187544 0.0514264 0.00150589 0.0875741 0 0.00265264 0 0.035935 0 0.00835644 0 0.108839 0 0 0.044537 0 0 0 0 0 0 0 0 0 0 0 0 0.0599231 0 0 0 0 0 0.100615
0 0.00847022 0 0.0665918 0 0 0 0 0.0263583 0.113856 0.0168705 0 0.0615725 0.0926129 0 0.0774584 0.0399775 0 0.140909 0 0 0 0 0.00151015 0 0.158033 0.0373978 0 0.10605 0 0 0.17835 0 0.0379177 0.184735 0 0.129144 0.0932612 0 0.0130319 0.0249991 0 0.247409 0 0 0.112299 0.0359067 0.0998704 0.151827 0 0.106467 0.0811437 0 0.0411523 0 0.0507932 0 0.0335305 0 0.0730807 0.179263 0 0.0997944 0.0930904 0.0491504 0.101468 0.095637 0 0.100146 0.0155078 0 0.0186065 0.039257 0 0.0769554 0.0255566 0 0.0358991
0 5.63933e-06 0.104165 0 0 0 0.0321116 0.0642379 0 0.00411225 0.0260629 0.00269446 0 0.0444711 0 0.0560472 0.0572127 0.0319668 0 0.023997 0.129243 0.124667 0.0505412 0.24403 0 0.130241 0 0.0416872 0 0.0147445 0 0.0636961 0 0 0.0775584 0 0.00576509 0.0264494 0 0.14945 0 0 0.0355724 0 0 0 0 0 0 0 0 0 0.179153 0.0844759 0 0 0 0.00666906 0.113847 0 0 0 0.0733481 0 0 0.120291 0 0.00434235 0.0468902 0.0948719 0 0.0398854 0 0 0.114516 0.105697 0 0.136767
0 0 0.1112 0 0.0908166 0 0.0814459 0.128607 0.015562 0.066831 0 0.00941909 0 0.056441 0 0.0276628 0.0246224 0 0 0 0.0705899 0 0 0 0 0 0.111892 0 0 0 0.00914197 0.170735 0.0785355 0 0.0432859 0.0137517 0 0 0 0.140293 0 0.0313944 0.0188447 0.0249309 0.176589 0 0.299834 0.075098 0.0208061 0.100036 0.0546257 0 0 0 0.0172796 0 0.149836 0 0.0121966 0.0285006 0.159085 0.140387 0 0 0 0.0272688 0 0.0795094 0 0.0245149 0 0.0454778 0.0387967 0 0.0503928 0 0.0106232 0
0.117265 0 0.101416 0 0.0819424 0.052598 0 0 0 0.0160133 0.0134033 0 0.163132 0 0 0.160834 0 0.0102348 0.130566 0 0.0656502 0 0.130168 0.0990447 0.103759 0 0 0.0900793 0.0168738 0.102539 0 0.185764 0 0.10399 0 0 0.0859885 0.121409 0.198278 0.0174031 0 0 0.117435 0 0 0.0418793 0 0 0.0712292 0 0 0.138858 0 0.223909 0 0.00197846 0 0.0535997 0 0.022744 0 0 0.00462126 0.115777 0.0108407 0.00513466 0.0693926 0 0.00100371 0 0.248698 0 0.00505315 0 0 0 0.166551 0.102743
0 0.108612 0.0183338 0.00151843 0 0 0.118107 0.0179385 0 0 0.00323568 0.0350563 0 0 0 0.139245 0 0 0.183179 0.018567 0.153547 0 0.0768315 0 0.0977637 0 0 0.0128422 0 0.115224 0 0.0119592 0.0349366 0.0965556 0 0 0.0225245 0.0363329 0 0.0885116 0.0865396 0.0272296 0 0.108687 0 0.248551 0 0 0.0939378 0.0976601 0 0 0.0390139 0.132311 0 0.0982258 0.0533027 0.00962345 0 0.1524 0 0 0.17825 0 0.0822292 0 0 0.0688355 0.141309 0 0 0.037047 0 0.107259 0.189032 0 0 0
0 0 0.094248 0.0248651 0 0.23654 0 0 0.150478 0 0.087568 0 0 0.12065 0 0.109886 0 0.00100994 0 0.0406122 0 0 0 0.170816 0 0 0.16035 0.127346 0.0580602 0.000589561 0 0 0.178848 0.010978 0 0.181832 0 0 0 0 0.0582922 0 0 0.0401675 0 0 0 0.0319127 0 0.0607052 0 0.0939031 0.0357413 0 0 0 0.090523 0.0901973 0.0140372 0 0 0.0182586 0 0 0 0.114577 0 0.0188925 0 0 0 0.120778 0 0.203013 0 0.132834 0.172036 0.0343558
0 0.0974285 0.108498 0 0 0.0908556 0 0.0482986 0.0065195 0 0.11057 0 0.0850829 0 0 0 0.0522601 0.170678 0 0.0102483 0.0414173 0 0.142378 0.0327961 0.0781854 7.5167e-05 0.0269242 0 0 0.0636728 0.0798445 0.0621487 0.0148255 0 0 0 0.0996878 0.03152 0 0.00908563 0 0.0229224 0.127321 0.0851874 0 0.205298 0 0.119792 0 0 0 0 0.217591 0.0323463 0.160302 0 0 0 0 0.0946171 0 0 0.0286854 0.013512 0.0102969 0.0176892 0.00748339 0.00579807 0 0.141601 0.0485173 0 0.0331567 0.137367 0.00868071 0.124894 0 0
0.0283159 0 0 0.0760268 0.0564618 0 0.0558468 0.0370224 0 0 0.131719 0 0.136827 0 0 0.141325 0 0.0240443 0.014294 0.0706884 0 0 0 0.0106803 0 0.0810095 0 0.0363798 0 0 0 0 0 0 0.172119 0 0.156402 0 0.0282933 0.073142 0.00499023 0 0 0 0 0.0124552 0.0963244 0 0 0.0190195 0.0772115 0.0600909 0 0 0 0.0130991 0.130054 0.0591439 0.0599197 0.0444116 0 0.165067 0.0181546 0.0704163 0 0.119197 0.0129343 0 0.0724127 0 0.0766176 0.0793157 0.0889547 0 0 0.0485821 0.0406533 0.217749
0 0 0.0687037 0.0452665 0.0232148 0 0.0729392 0 0.0674703 0 0.0319779 0.0238401 0 0.00929217 0 0 0 0 0 0 0 0.00534345 0.115761 0 0.0574079 0 0.0637105 0.0626757 0.0311133 0.152968 0 0 0.174073 0 0.00726309 0 0.0779808 0.0318573 0.0972931 0 0.0263922 0 0.0927097 0.0299944 0 0 0.00629467 0 0.0584416 0.14503 0 0.0428231 0 0.0662642 0.0376893 0.0322306 0 0 0.0303353 0.0745965 0 0 0 0 0.0497485 0.126558 0 0.0207982 0 0 0 0 0 0.126659 0 0 0 0
0.0326181 0.0919167 0 0 0 0.00917538 0.0531905 0 0.0803422 0.0308927 0.104338 0 0.0258093 0.00482593 0 0.0575521 0.215123 0.017417 0.157537 0.0465635 0.12187 0 0.018739 0 0.00933318 0 0.0525233 0.049876 0 0.0284363 0 0.0212282 0 0 0 0 0.0200808 0 0 0.0649814 0 0.190413 0 0.0854229 0.0597788 0 0 0.0203848 0.160643 0 0 0 0.0393072 0.0492955 0.00763104 0.0365238 0 0.0128981 0 0.101589 0 0.00587374 0.0308366 0.0853377 0 0 0.0160456 0.132355 0 0.117173 0.0104894 0 0.0275797 0.0696634 0.0171033 0 0.221923 0
0.0170044 0.0368163 0.170474 0.0220691 0.106204 0.167201 0 0.0346678 0 0 0.100792 0 0.0672547 0.0905031 0 0 0 0 0 0.0507991 0 0.00281887 0 0.246426 0 0.139698 0.0970384 0.0678509 0 0.174903 0.0232052 0.133538 0 0.236915 0.0370526 0.118143 0 0.0324186 0 0.10399 0 0.042549 0 0 0.173607 0.142361 0.015432 0 0.116501 0.0684433 0 0.0691833 0 0.000501087 0.0225011 0.13515 0.153554 0 0 0.138718 0.0309506 0.0563589 0 0.235413 0 0.00535512 0.0219947 0.131986 0 0.010114 0.163925 0 0 0.00375534 0 0.0262846 0 0.0276993
0.0761332 0 0 0 0 0 0.0408027 0.0173445 0 0.138367 0 0 0 0 0 0.0694621 0.163739 0 0.0707685 0.0597648 0.0754281 0.0873904 0 0 0.0552532 0 0.0285652 0 0.0410438 0 0 0 0 0 0 0.0273375 0 0.127002 0 0.0446652 0 0 0 0.106598 0 0 0.047682 0.0733129 0 0 0 0.159419 0 0 0 0 0 0.12271 0 0 0 0.0514796 0 0 0.0319976 0 0 0 0.091809 0 0.00962011 0 0.111909 0.0584018 0.0173362 0 0 0.048998
0 0 0.0789511 0 0.0149737 0 0.123861 0 0.13449 0 0 0.096231 0 0.112723 0.0853732 0 0 0 0 0 0 0.0362045 0.00950079 0 0 0.000798932 0 0 0.144457 0 0.121625 0.0121438 0 0.0805707 0.0084702 0 0.0114245 0.072403 0 0.0112699 0 0.124541 0.00845548 0.0321495 0 0.0979424 0 0 0 0 0.0095463 0.0465299 0.0282343 0.129307 0.0952573 0.108389 0.00622168 0.0219658 0.0117553 0.136679 0.00135788 0.0324614 0 0 0.0585923 0.210633 0.0531851 0 0 0.112008 0.0414758 0 0.18451 0 0.0492592 0.0169331 0.148127 0.00620051
0.112306 0 0 0.109783 0 0 0.0358877 0 0.0608352 0.0465174 0.0575476 0 0 0.105976 0 0 0.0869546 0.0314746 0 0.0767886 0 0.0914857 0 0.0633449 0.0651655 0.083226 0.0734281 0.0291506 0.133924 0 0 0 0.0787278 0 0 0.110588 0 0.0735084 0 0.0917166 0.0787854 0 0 0.137939 0.0304894 0.0731966 0.0211944 0.116676 0.191155 0 0 0 0.000181206 0.0144494 0 0 0 0 0.0579651 0.0446965 0 0.0190737 0 0.0181331 0 0.0187832 0 0.236572 0.105334 0.0245931 0.0694106 0 0 0.00177748 0 0 0 0
0.0225041 0 0.0862113 0.0248501 0 0.0478074 0.0240723 0 0 0 0 0 0 0.122884 0 0.0268249 0 0.0437127 0 0.185258 0 0.0160566 0 0.064522 0 0 0.125993 0 0 0 0 0.0998841 0.0656612 0.0971724 0 0.0982238 0 0 0 0.0290339 0.019623 0 0.152539 0 0 0.0246309 0 0 0 0.151327 0 0.0691474 0.0311279 0 0.0452975 0 0.0909102 0.0301703 0 0 0 0 0.0735135 0.141437 0 0 0 0 0 0 0 0 0.0759391 0.011105 0 0 0.00587607 0.036599
0 0 0.0771595 0 0 0 0 0 0.0801409 0.0690865 0 0.0274233 0.10691 0 0 0.0181936 0 0.166257 0 0 0.00930813 0.0744786 0 0.0611359 0.0415926 0 0 0.105973 0 0.179664 0.255582 0 0 0.0176277 0 0.086055 0 0.0635269 0 0.00110417 0.0700686 0 0.0431328 0 0 0.0432836 0.0345231 0.0311947 0 0.0944198 0.0364253 0.0585674 0 0.0675625 0 0.0507089 0.0675294 0 0 0.130059 0.062571 0 0.0555435 0 0.0373603 0.0433378 0.0948022 0 0.00175796 0.0897698 0.00773693 0 0.0255126 0 0.117772 0.0775771 0.0583103 0
0 0.116733 0 0.0915941 0.148574 0.000202922 0.0740046 0.0378981 0.0643608 0.0845605 0.0390419 0 0 0 0 0.0887468 0 0.0248848 0 0.0414544 0 0.0729539 0 0 0 0.0816879 0.12518 0.0499028 0.195403 0 0 0.113681 0.0427187 0.176864 0 0 0.0546032 0 0 0 0 0 0.0404368 0.0699255 0 0.0917771 0.0232575 0.0125976 0 0 0 0 0.0151027 0 0.0963478 0 0.100216 0 0.071377 0 0 0.0667981 0.0478631 0.0657976 0.150199 0 0.117552 0.107275 0 0 0 0.0847896 0.140165 0 0 0.0535809 0 0.0185322
0 0.0203356 0.0213435 0 0.178211 0 0.084101 0 0 0 0 0.0861426 0.0949434 0.00703035 0.0324123 0 0 0.0246185 0.0429017 0.042717 0 0.292214 0 0 0 0.0507244 0.0446424 0 0 0 0.0455161 0.134517 0 0 0.0242091 0 0.0937855 0.122716 0.0249031 0.165361 0 0.12771 0 0 0.121923 0 0 0 0.0407381 0.103817 0.0248126 0.0950998 0.022747 0 0.0761105 0 0.087633 0.0238666 0.0759506 0.018025 0 0 0 0.0419815 0 0 0 0 0 0.0386506 0.0527851 0.0499011 0 0 0.118554 0.0424413 0.0187397 0
0 0.0191608 0 0 0 0.0933842 0 0 0.133099 0 0 0.0929537 0.0939721 0 0 0.175041 0.0320847 0.0738019 0 0.174416 0 0 0 0 0.103341 0 0 0.144463 0 0.0619042 0 0.0697002 0.0648528 0 0.00928869 0 0 0.0233453 0 0 0 0.112129 0 0 0.176948 0 0.180709 0 0 0 0.00862564 0.0854399 0.0547677 0.0518623 0.0150296 0 0 0 0.0269085 0.121595 0.0284029 0 0.094183 0.0304049 0.0846652 0.17747 0 0 0.130766 0 0 0.101371 0.0395014 0.111506 0 0 0 0.0678398
0 0.00349355 0.0460147 0.122758 0 0 0.0405959 0 0.098205 0.108521 0.0813298 0 0.191834 0 0.00158128 0 0.0784112 0 0 0.061818 0 0.048608 0.0801192 0.0182342 0.11153 0 0 0 0.0300519 0.0486809 0.145279 0 0.103814 0.0355029 0.182172 0 0 0.183397 0 0 0 0.0167555 0 0.0154971 0 0 0.159082 0 0 0.166297 0 0 0.0109868 0 0.00956626 0.14041 0 0.165405 0 0 0.0765908 0.156823 0 0 0 0 0 0.0282903 0 0 0 0 0.0061658 0.0992873 0.0278875 0 0.142059 0
0.108748 0 0 0 0 0 0.0120469 0 0.0992115 0.0374492 0 0.00109561 0.0148783 0 0.015121 0.125936 0.170436 0 0.0695744 0.14571 0 0.0706619 0 0 0 0.00757442 0.110847 0 0 0.0428501 0 0 0 0 0.13712 0.0983223 0 0 0 0 0.0717463 0 0.154937 0 0 0 0 0 0.0825437 0 0 0.0918857 0.125954 0 0 0.0655215 0.196876 0 0 0.0385257 0.0519716 0 0 0.154514 0.147266 0 0 0.175659 0.0181627 0 0.0729928 0 0.0329305 0 0 0.0721422 0 0.194975
0.0171799 0 0.0774671 0.0288305 0.0772553 0.127909 0 0.0312969 0 0 0.136942 0 0.0274519 0 0 0 0 0 0 0 0 0.0306009 0 0.0876369 0.0567903 0.0758465 0 0 0.0763227 0.0563226 0.129999 0 0.0565468 0.0244751 0 0 0 0.0571685 0.0242278 0 0 0 0.0394559 0.000346181 0 0.104005 0.0910922 0.0321108 0.0163336 0 0.0571773 0.0171975 0.0859908 0.0230473 0 0 0 0 0.0968901 0 0 0 0 0 0 0.0180979 0 0.161786 0.0440462 0.100234 0 0 0 0.260212 0.0270294 0.0738427 0 0
0.112244 0.129707 0.0571756 0 0 0.0457053 0 0 0 0.0634993 0 0.0810449 0.127764 0.0653514 0.119909 0 0.133176 0 0.0600711 0.0827201 0.195467 0 0 0.00153991 0 0.101457 0.0250104 0.151358 0 0 0.0058626 0 0.183493 0.127917 0 0.0295127 0.203202 0 0 0 0.162359 0 0.0115892 0 0 0 0 0 0.0463004 0 0 0 0 0 0 0.0800625 0.147977 0 0.104005 0 0 0.130945 0.0648667 0.121396 0.0130862 0.0367988 0.143073 0 0 0.177322 0 0.0154441 0 0 0 0 0 0.0172234
0 0 0.0296455 0.0223035 0 0.0619725 0.0501418 0 0 0 0.0941031 0 0 0.0325311 0 0.0318095 0.0169762 0 0.011759 0 0 0.0697264 0 0.132943 0 0 0 0 0.118316 0.0430408 0 0 0 0 0 0 0 0.0509893 0.0609678 0.0311012 0.0824615 0 0.129742 0 0.117957 0.0151936 0.116049 0.00995775 0 0.00821198 0 0 0.0134813 0.125412 0.0595114 0 0.016192 0.0172075 0 0 0 0 0 0 0 0 0 0.01228 0.0930682 0.108016 0 0.0424134 0.159953 0 0 0.123414 0.0107282 0
0.0636138 0.051317 0 0 0.0348651 0.0635011 0 0.132255 0 0.124746 0.0290964 0 0 0.0880042 0 0 0.124364 0 0.0258933 0 0.105296 0 0 0.00501645 0 0.0654873 0 0 0 0.0829472 0.028206 0.0782537 0 0.0612236 0 0.00518294 0 0.00200908 0 0 0 0.00261492 0.060558 0 0 0 0 0.0215586 0.0996875 0.0611118 0.0914716 0.111079 0 0.0112441 0 0 0.116435 0.000481846 0.0238904 0.0148081 0.134145 0.0573918 0.118596 0 0.0514349 0.173503 0.0126252 0 0 0.0136295 0.034407 0.084347 0.0808379 0.0403821 0.0251514 0 0 0
0.0395302 0.0436441 0.139063 0 0.0392987 0 0.0106677 0 0 0.109617 0 0.0564149 0 0.113882 0.10091 0.0186771 0 0.158196 0.0295234 0.105177 0 0.143783 0.019526 0.041196 0.0233308 0.084839 0.0213727 0.0163121 0.0880086 0 0 0 0.0645799 0.0505727 0.123602 0.172414 0.0197441 0.0295163 0.0325365 0.141254 0 0.0284947 0 0.0506375 0.0575541 0 0.143701 0 0 0 0.0420054 0.0535463 0.00797642 0.0466158 0.0358806 0 0 0.0356225 0.0748424 0 0.0744893 0 0.00163544 0.102143 0 0.00481297 0 0 0.0159516 0 0.137052 0.00436695 0 0 0 0 0.251522 0.0465149
0.00792257 0.0239617 0.00369879 0 0 0.174371 0 0.00540408 0 0.0472964 0 0.0559496 0 0.0666971 0 0 0 0.0211126 0 0 0.0908626 0 0 0 0 0.117814 0 0 0 0.110309 0 0 0.0593803 0 0 0 0 0.0529634 0 0 0.0674922 0 0.166586 0.0479086 0 0.00740429 0.13944 0 0.039964 0.0726392 0 0.0646554 0 0.0369104 0.0249682 0.0556227 0 0 0.0101982 0.0500918 0 0.0514914 0.0957731 0 0.10851 0.111329 0.101264 0 0 0.102242 0 0 0.130685 0.0609034 0.0270425 0.116852 0 0.0721707
0 0 0.067997 0.0307184 0.0200322 0.0325499 0.11427 0 0 0 0 0.0535161 0.012384 0 0 0.0577616 0.0137195 0 0 0 0 0.0607525 0 0 0.229182 0 0 0.0633735 0 0 0.0969221 0.0352595 0 0 0.156801 0.155647 0.00406582 0 0 0.0390563 0 0.0394176 0.00159435 0 0.00534343 0 0.0946723 0.0263091 0.0741999 0.179386 0 0 0 0.148609 0 0 0.0669117 0 0.0549056 0 0 0 0 0 0.0145432 0 0.0842736 0.0522998 0.137509 0.0663372 0 0.16823 0 0.0825069 0 0 0.0952724 0.0142396
0 0 0 0.0648027 0 0 0 0.118671 0 0.047221 0.0141184 0 0 0 0.0773147 0.0876262 0.0318085 0.0714831 0.0982301 0.0750667 0.0704918 0.108779 0.0799298 0 0.00653975 0 0.171127 0 0.0660308 0.086588 0.0214161 0 0.247888 0.0850202 0.0121729 0 0.135474 0 0.117888 0 0.0181297 0 0.050819 0 0.038345 0.0677621 0.0550865 0 0.000342455 0 0.140154 0 0.0566302 0 0.00862359 0.0354628 0.119801 0.0368484 0.124159 0.0006129 0.0108301 0.00990965 0.124088 0 0 0.0975561 0 0.0216512 0 0 0 0.0716136 0 0.068442 0 0.0740165 0.25425 0.0365645
0.0251722 0 0.208931 0 0.173675 0 0 0 0 0.0568313 0.132006 0.105546 0.038955 0 0.0631883 0.112512 0.0240834 0 0 0.081589 0 0 0 0 0.0459105 0.0198948 0 0.00198515 0.149523 0 0 0.0792007 0 0 0 0.147745 0 0 0 0.0718071 0.0699659 0 0 0.0915239 0.014641 0 0 0 0 0 0 0.0243559 0 0 0.108043 0 0 0 0 0.00150103 0.0303828 0.064866 0.0595404 0 0.0171446 0 0.023875 0.0882554 0.0211015 0.0526719 0 0 0.0175709 0 0.0425369 0 0 0
0 0 0.0421301 0.0444988 0 0.0067836 0.0567067 0.0191732 0 0.0286548 0 0 0 0 0 0 0.0226869 0.108091 0.14688 0.056563 0 0.181918 0.0269153 0 0.0564891 0.118971 0.0373146 0 0 0 0.125546 0.00394034 0 0 0.0970057 0 0.0736599 0.0174564 0 0.0808449 0 0 0.124296 0 0 0.227204 0.0444786 0 0.0834906 0.172044 0 0.041549 0.0915235 0.0506146 0.099874 0.0408123 0.00252444 0 0.0962825 0 0 0 0 0.121028 0 0.0332306 0 0 0 0.258417 0 0 0.127164 0.195165 0 0.026941 0.071745 0
0.00866959 0.11098 0 0.0489196 0 0.029365 0 0.0890966 0.0936175 0 0.122144 0.0824535 0 0 0.181223 0.155474 0 0 0.0633675 0 0 0.00828307 0 0.021631 0 0 0.125094 0 0.0334681 0 0 0 0 0.0289693 0 0 0.226038 0.0277796 0.0717277 0 0 0.0438949 0 0.132333 0 0 0 0.0813617 0 0 0 0.0453271 0 0 0.113493 0 0.0751305 0 0.193694 0.0875184 0.0570458 0 0.0976961 0.0426398 0 0 0.0264093 0.0598447 0 0.0684006 0.14666 0 0 0.0815714 0.0309684 0.0632764 0 0.164719
