Proyectos/DeforestationModel/output/sdp.asc
ncols         300
nrows         300
xllcorner     273000
yllcorner     9.548e+06
cellsize      30
NODATA_value  -9999
[rows 68 to 101 of 300, columns 156 to 233 of 300]
0 0 0.00186892 0 0.0882663 0 0 0 0.174709 0 0.00646329 0 0.0440886 0 0.0352725 0.0459067 0 0 0 0.0135516 0.0149081 0.0353576 0.0762372 0.0748213 0 0 0 0 0.0466981 0 0 0 0 0.122811 0 0 0 0.23652 0.00137667 0.0566855 0.247914 0.00171108 0 0.0407338 0 0 0.138448 0.173419 0.108773 0 0 0.2094 0.101567 0 0 0.0701992 0.0347593 0 0.0635513 0.102463 0.0288969 0.0261466 0.0357594 0.0709524 0 0.0500529 0 0.0616711 0.0220539 0 0.107705 0.0963412 0.0717829 0.0132391 0 0.126493 0.00474943 0
0.160697 0 0 0.230164 0 0.127601 0.0285108 0 0 0 0 0.0530102 0 0.0695519 0.00353789 0.0583345 0.0608723 0.0195931 0.0571145 0 0.0982815 0.0818076 0 0 0 0 0.156296 0 0 0.123574 0 0.0416194 0.0417658 0 0.0290218 0.210584 0 0.0787784 0 0 0 0 0.0133393 0.0233419 0 0 0 0 0 0.115835 0 0 0.00370734 0 0.201945 0.00548778 0.14768 0 0 0 0 0.0784452 0 0 0.108367 0 0 0 0 0.0721979 0 0 0 0.0388722 0 0.0476567 0 0.10162
0 0 0 0 0 0.0311798 0 0.00508719 0 0 0.0104961 0.247479 0 0.0419691 0.0518832 0.0719822 0.0584711 0 0 0 0 0.0314251 0 0.154432 0 0.0790309 0.00431976 0 0.0738049 0.00896567 0.101435 0.0408978 0 0.0222333 0 0.0189405 0 0.139647 0 0.0452105 0.0492421 0.198766 0 2.495e-05 0.0647297 0.0738071 0.171787 0 0.155802 0 0.075711 0 0 0.0756802 0 0 0 0.0384895 0.20003 0 0.0704671 0.124069 0.0163872 0 0.0953538 0 0.203308 0.0456964 0 0.011312 0.168854 0.0835496 0.144417 0 0.161908 0 0 0.0563319
0.00688722 0.00472528 0.193163 0.0110272 0.05615 0.123445 0 0 0.158943 0.11917 0 0.0218672 0 0 0 0 0 0 0 0.0744953 0 0.132065 0 0.0487369 0.026045 0.0170531 0.108427 0.092524 0.0254724 0 0 0 0.0118635 0.118788 0 0.036292 0 0 0.154259 0 0 0 0 0.17928 0 0 0.112098 0 0 0 0 0.108954 0 0.0614773 0.0509419 0 0.114757 0 0 0.190827 0 0 0 0.0135744 0 0 0 0.072656 0 0.0161559 0 0.109336 0 0 0.120378 0 0.0616109 0.0355721
0 0 0 0.00184133 0.0104952 0 0.0683998 0.0255305 0 0.144956 0 0.0325043 0.0789192 0 0.174536 0 0.0160555 0 0.00294187 0.00653727 0.0227978 0 0.0875993 0 0 0 0 0 0.0245153 0.193267 0 0 0.03195 0 0.0402715 0.0774421 0.0263858 0 0.166957 0 0.175089 0.0362376 0.0296052 0.0207544 0 0.111715 0 0.0419173 0.175479 0.0607309 0 0.0440296 0 0 0.134431 0 0.150672 0.0401472 0 0 0 0.0492529 0.0693618 0 0.124826 0.0699411 0 0 0.0299599 0.0311366 0 0.0818864 0.149395 0 0 0 0.0514654 0.0394628
0 0.0472443 0 0 0.0171813 0.0445536 0 0.0400735 0 0.0439411 0 0.0355191 0 0.0796353 0.0749097 0 0.0163213 0.175743 0.147294 0.0566176 0 0 0 0.0873175 0.0195737 0.138404 0.0743317 0 0 0 0.113215 0.103134 0.0236037 0 0 0 0.0296517 0 0.0389523 0 0.0529352 0 0 0.0385569 0 0.0899093 0 0 0 0.0849539 0.210758 0.00316765 0.052674 0 0 0 0 0 0 0 0.167579 0 0.051174 0.11392 0 0 0.133329 0.16093 0 0.109067 0 0 0 0 0 0.126765 0 0
0.0369276 0.00808454 0 0 0 0.102886 0 0.0755419 0 0.0430829 0.00806595 0.183247 0.021685 0 0 0.0724437 0.0615699 0 0 0.141154 0.0259541 0.0668198 0.0668926 0 0 0 0.0246887 0.212826 0.12248 0 0.145179 0 0 0.0165914 0 0 0.120776 0 0 0.104522 0 0.145614 0 0 0.117096 0.0215946 0 0 0.0884325 0 0 0.0387617 0 0.0163253 0 0.0134418 0.109793 0.0589026 0.0186796 0.0334008 0.0882051 0 0 0 0.141074 0 0.000596206 0 0 0 0 0.104308 0.0934293 0.144562 0.0795504 0 0.0778017 0
0 0.000268333 0 0.0491625 0.0884784 0.149782 0 0.0904134 0.000103302 0 0.0878797 0 0 0.135654 0 0.0114253 0.0557817 0 0.0607865 0 0.00639323 0 0 0.00246209 0 0.0527795 0.00439415 0.0222911 0 0.224534 0.0894916 0.0183819 0.0909653 0.0518509 0.226336 0.00400587 0.0537492 0 0.0419259 0 0.0756989 0.00813742 0 0.118827 0.091149 0 0.020232 0 0.0338006 0 0 0 0.0634268 0.0822441 0 0.156045 0 0 0 0.0909706 0 0.117756 0.0255196 0.0744114 0 0.00703687 0.0358143 0.145415 0.111299 0.0871575 0.0273874 0 0 0 0 0.0604861 0.165351 0
0.0387318 0.00469226 0 0 0 0.0722476 0 0 0.136468 0.00509794 0 0.0643377 0 0 0 0.0138177 0 0.0261158 0 0.06784 0 0.0677336 0 0.165749 0.00465225 0.0268074 0 0 0 0 0 0.0109696 0 0 0 0 0 0.059162 0 0.037484 0 0.0135419 0.114151 0 0.051201 0 0.0609153 0.151639 0.169402 0.0139886 0.0138405 0.0630404 0 0.156838 0.140305 0.101771 0.052358 0 0.0111267 0 0 0 0 0.0420771 0.0649949 0.0782419 0 0 0.022493 0 0.0275678 0 0.00110282 0.051867 0 0.11496 0 0
0.176195 0.0140356 0 0.178168 0.18203 0 0 0.00561056 0 0 0.0547563 0.00795296 0.0193652 0.063171 0.0157477 0 0 0.00591139 0.0363896 0 0 0.0686419 0 0 0.0206727 0.0284449 0 0.0246862 0.163983 0 0.149658 0.0809816 0 0 0.0960703 0 0.217058 0 0.0773613 0.185769 0 0.08014 0 0.0577263 0.108982 0 0 0.027722 0 0.0524108 0.028588 0.0758927 0.00991028 0 0 0 0 0.209696 0 0.0548128 0 0.125656 0.0592111 0 0.00927443 0 0.0955881 0 0.0126174 0.0276084 0 0.0677002 0 0.0451407 0 0.023407 0.123416 0
0 0.0400504 0 0 0 0 0 0 0.0995218 0 0 0 0.165133 0 0.0156237 0.0389904 0.226375 0 0.0214003 0 0.130168 0 0.0834293 0.124664 0 0 0.00409799 0.0614043 0.0856198 0 0 0.0479999 0 0.0529148 0.148925 0 0.18325 0 0 0 0 0.0534657 0.100044 0 0.104821 0 0 0 0.049873 0 0 0 0 0.124712 0 0.028226 0 0.0921409 0.0348756 0 0.0561971 0.0794452 0.0398203 0.130707 0.0594218 0 0 0.0536806 0.0453501 0 0 0 0.0745602 0.0751305 0 0.0116704 0 0.0660944
0 0 0 0 0 0.0136894 0.0421466 0.0483556 0 0.0533231 0.0765238 0 0 0 0.0180258 0 0 0 0 0.0599089 0.147396 0 0.0478218 0 0.215381 0 0 0 0 0.0948839 0 0.0143878 0 0 0.0220945 0.0927185 0 0 0 0.0576343 0 0 0.0845886 0 0.0150601 0.0142423 0.234971 0 0 0 0.0354033 0 0 0.141193 0.0195649 0.0150793 0 0.0289665 0 0.0367388 0.06155 0 0 0 0 0 0.0997929 0 0.0801903 0.0211667 0 0.109402 0 0 0.118055 0.067761 0.0613037 0.0170807
0 0.121042 0.0797379 0.0294495 0.0168779 0.153774 0 0 0.0868811 0.0538026 0 0.119649 0.0181767 0.0135975 0.0880803 0.00404707 0.049086 0.105049 0.201252 0.0586321 0 0 0.0939157 0 0 0 0.177654 0.0277555 0.190261 0 0.0906865 0 0 0 0 0 0 0.198472 0 0.00992401 0.045516 0.170267 0 0 0.0117102 0.0122777 0 0 0.162893 0 0 0.0837585 0 0.0417092 0 0.0878706 0.0741475 0 0 0.0893592 0.063165 0 0.107672 0 0.0743699 0 0.122247 0.036432 0 0.128564 0 0.121948 0 0.111775 0 0 0.0228038 0
0 0.0323341 0 0.0421314 0 0.0327113 0.0260959 0 0 0.0243664 0 0 0 0.179534 0 0 0.205895 0 0 0 0.0643504 0.053759 0.0503995 0.194961 0 0.0391563 0.0141122 0 0.0582548 0 0.027025 0 0.0757739 0 0.321508 0.0822068 0.0424607 0 0 0.0358983 0 0.0904257 0 0.0380495 0 0 0 0.030892 0 0.0565126 0 0.0662195 0 0.0276544 0 0.0816878 0.181376 0.000515444 0.00266689 0 0 0 0 0.104744 0 0 0 0.00865428 0.0134129 0 0.0822412 0 0 0.050894 0 0.00751505 0.0632912 0.0347441
0 0.0714094 0.0257943 0.274169 0 0 0.0784997 0.0799932 0 0.218464 0 0 0.0432478 0.00442866 0 0.0321835 0.000181767 0 0 0.0927609 0.0806321 0 0 0 0.0199647 0 0 0.134386 0 0.0159824 0.151415 0.00582237 0.0388886 0 0 0.0374367 0 0 0.100691 0 0.0538688 0 0.0391486 0.0335583 0 0.125748 0 0 0.124482 0 0.180077 0 0.0634613 0.193809 0 0 0 0 0 0 0 0.200338 0.0124883 0.0853055 0 0.0293118 0 0 0.0778142 0 0.0184522 0.0156542 0 0.199546 0 0 0.0426069 0.00431419
0.0385532 0 0 0 0.148933 0.0138403 0.0725716 0 0 0.00579289 0.0859282 0.083209 0 0 0 0 0 0 0.0699516 0 0.119567 0.102462 0 0 0.172434 0.117809 0 0.0947261 0.0663396 0 0 0 0 0.0796494 0.0651321 0.133128 0.155376 0.077813 0.181716 0 0 0 0.138645 0.0439517 0.168407 0.0758772 0 0.00405166 0.0358646 0 0 0 0 0 0 0 0.0698679 0.125756 0 0.0829597 0 0 0.0191473 0 0 0.00224572 0.0211085 0 0.13785 0.0220296 0 0.0535186 0 0.0246269 0 0 0.00377001 0.0790095
0.0380552 0.0315532 0 0 0.049032 0 0.0873295 0 0.0967655 0.0183669 0 0.0847996 0.0597918 0.17795 0.110779 0.0195155 0.00888598 0 0.108322 0 0.0187176 0 0.0569594 0 0 0 0 0.110351 0 0.030081 0.187222 0.0278133 0.026751 0.0504661 0 0.0951556 0 0 0.0698912 0.0444061 0.130814 0 0.00430977 0 0 0 0.00954218 0 0.0861354 0 0 0.0525381 0.0436123 0.105142 0.0744187 0 0.0443168 0.0276115 0.0251911 0.0903907 0.047369 0 0 0 0.128978 0 0 0 0 0 0.055996 0 0.0952882 0 0.0558165 0.107369 0 0.0621212
0 0.00985044 0 0.0436674 0 0.0342476 0.0413633 0.0983927 0.132253 0.0935301 0.0420456 0 0 0 0 0.0680281 0 0.0250876 0.0212295 0.0431356 0 0.112508 0 0.135303 0.00102259 0.0201858 0.161008 0 0 0.0664465 0.053477 0 0 0.0588933 0.0424663 0.0126091 0 0.105622 0 0 0 0.0490968 0.0278174 0.0347833 0 0.0343462 0 0.113218 0.00990811 0.119327 0 0.0195749 0 0.00364794 0.109611 0.0413644 0 0 0 0 0.0244616 0.0183675 0 0 0.130671 0.0394535 0.0367159 0.037261 0 0.0919632 0 0.175393 0 0.127216 0 0.0458171 0 0
0.0178974 0.0566663 0.0228416 0.122309 0 0 0.0813751 0 0 0 0.166351 0 0.0603239 0 0.143757 0 0.160515 0 0.0278643 0 0 0.0815938 0 0 0.0194257 0 0.0058004 0.0702072 0 0.00171338 0 0.0852706 0.0754135 0 0.0327542 0 0.00244839 0 0 0.0704093 0 0.0311721 0.104236 0 0.123149 0.042893 0 0 0 0.0428892 0 0 0.115734 0 0 0.0676092 0.102448 0.0483741 0 0.0631352 0 0.00930351 0 0.0377533 0 0 0.0225129 0 0 0 0 0.0309186 0 0.00364287 0.029033 0.114711 0.0389266 0.147557
0 0 0 0 0 0.0268115 0.0304103 0 0.265647 0.0805468 0 0 0.184096 0 0 0.0439261 0.00686201 0.0244551 0.14822 0 0.191097 0 0.14097 0.0155727 0 0.0400712 0 0 0 0.0279001 0.122114 0 0 0 0.0037004 0.0573597 0 0.0349017 0 0.0191958 0 0.0403043 0.0266014 0 0.00244826 0 0 0.00722025 0 0.0954176 0.120626 0.0625493 0 0 0 0.00350909 0 0 0.0764986 0 0.143656 0.0157513 0.125289 0.106886 0 0 0 0.139778 0 0.171871 0 0 0.0380859 0 0.0497859 0.0760312 0 0
0.0992899 0.0730599 0.171308 0.131188 0.0462531 0.0310783 0.0365959 0 0.115485 0 0.198948 0 0 0.0422231 0 0 0 0.013953 0 0 0 0 0.145277 0.0996993 0 0 0.088613 0.23752 0 0 0 0 0.134741 0.178375 0 0.158761 0.17022 0.0069356 0 0.0291043 0.0493548 0 0.0398793 0 0.0752624 0.0925029 0.143052 0 0.027162 0 0 0 0 0.00245776 0.0410574 0 0.135687 0.0970253 0 0.117327 0 0 0 0 0.00518258 0 0 0.0393358 0 0.121499 0 0.084599 0.0342592 0.0262563 0 0.0375298 0.173547 0.0143451
0.020655 0 0 0 0.0682704 0.0510346 0.0166105 0.0138687 0 0.00173951 0.0397663 0.0333917 0 0.0665798 0 0.0510912 0.104057 0 0.138867 0 0.0578586 0 0 0 0 0.0366899 0.0309199 0 0.0589128 0.0357697 0.022968 0.0130532 0.0590504 0 0 0 0 0 0 0.0427133 0 0.0925202 0.0676378 0 0 0 0.0351645 0.11058 0 0.137033 0 0.206351 0.0028821 0.0172068 0 0.0372948 0 0 0 0.0718423 0 0.0598148 0.0887291 0.0425342 0.0163727 0.069387 0.0111821 0 0.0366909 0 0.0534501 0.0759363 0 0.0445279 0 0.088183 0 0
0.0703851 0.0498016 0 0 0 0.0318044 0 0.184345 0 0.022594 0 0.0793853 0 0 0 0.00978382 0.0842931 0 0 0.00530695 0.100169 0 0.0952785 0 0.12756 0 0.116943 0 0 0.086361 0 0.068705 0 0 0 0.174361 0 0.0130918 0.00907146 0.168711 0 0.0159009 0 0 0.13113 0 0 0 0 0.0629806 0 0.0246087 0.0724912 0 0 0.00731955 0.0970463 0 0.114671 0.111605 0 0.030009 0 0 0 0 0.0129927 0.0586228 0.197486 0 0.0391819 0 0 0.0518574 0 0 0 0
0.0874622 0 0 0.136288 0.215328 0.015052 0 0.0651484 0 0 0.0273358 0.17077 0.0458262 0.161296 0.0732247 0.0239575 0 0.0387856 0.0252176 0 0.149234 0 0.165228 0 0.0706745 0 0.231416 0 0.0309646 0 0.084009 0.0343997 0.0292682 0 0.163563 0.118392 0.0114811 0 0 0.0246566 0.202164 0.0686551 0 0 0.151086 0.14281 0 0 0 0.0385797 0 0.0101515 0 0 0.185297 0 0.084524 0 0 0.10029 0 0 0.0387162 0 0 0.0287414 0 0.110123 0 0 0 0.0522002 0 0.0304395 0.0861109 0.134159 0.139599 0.0797672
0.072495 0.108512 0 0 0 0 0.0012567 0.120123 0.0158531 0.0698787 0.0880056 0 0 0 0 0 0 0.0268136 0.042067 0.0294072 0 0 0.171656 0 0.197839 0 0.0144782 0 0 0.100581 0 0.0672942 0 0.0386311 0 0 0 0.216828 0.0157402 0 0.0579865 0 0.149536 0 0.0960273 0 0.0236875 0.017231 0 0.0313325 0.0980555 0.0890801 0.0828866 0.0428916 0 0.0631437 0.0302944 0 0.108835 0 0.0713819 0 0 0.13041 0 0 0 0 0 0.125933 0.0812663 0.00520884 0 0.133901 0 0.129461 0 0
0.0283227 0 0 0.11679 0.137116 0 0.0245747 0 0.0115732 0.0386077 0 0 0.0892467 0 0.118952 0.112481 0 0.132045 0 0 0.0337129 0.0277789 0.117455 0 0.0630215 0 0 0.076743 0.123391 0 0.0956149 0.15579 0 0.125971 0 0.209714 0 0 0 0.0353002 0 0 0 0.0878591 0 0.0184962 0 0.0265708 0 0.111941 0 0 0.12299 0 0.0437733 0 0.131558 0 0 0.0525838 0 0.0269484 0.0101738 0 0.0728552 0 0.0892333 0 0.0531236 0.027662 0 0.125849 0 0.157584 0 0.173379 0 0.0235803
0 0.0508145 0 0.140939 0 0 0.125859 0 0 0 0.0375782 0 0.0948032 0 0.108882 0 0 0 0 0 0 0 0.117695 0 0.0445925 0 0.0939238 0 0 0 0 0 0 0.0440368 0 0.0231513 0 0.178212 0 0.183776 0.0357095 0.00326022 0 0.0289458 0 0.111261 0.130364 0 0 0 0.0972094 0 0.0295513 0 0 0 0.0357101 0 0.0508494 0 0.0379915 0 0.0290539 0 0 0.126461 0 0 0.231558 0 0.0965138 0.00168859 0.0656022 0 0 0 0.0975717 0.0373779
0 0 0 0.128555 0.0777202 0.114529 0 0.0897288 0.0498128 0.033587 0.0695897 0 0 0.140325 0 0 0 0.0437732 0.129932 0 0.0932101 0.0797725 0.100582 0.0511207 0.0684951 0 0 0.114537 0 0.163566 0 0.155617 0 0.0649324 0 0.12359 0 0.144355 0 0 0.0316734 0.0628421 0.182373 0 0.194748 0 0.0676718 0.00484278 0.0855319 0.14294 0 0 0 0 0.105464 0.0312463 0.0865577 0 0 0.0115111 0 0 0.172438 0.0423259 0 0.14451 0 0 0.0331137 0 0 0 0.105702 0.207945 0.109333 0 0.127297 0
0 0.188932 0 0.197658 0 0.0632245 0 0.188015 0 0 0.112496 0 0.0283449 0.162669 0 0.0123602 0.0473812 0.0488586 0.0736711 0.086181 0.0620857 0 0 0.00953745 0 0.0305455 0.0404892 0 0.0247161 0 0 0.0567293 0 0.169657 0 0.0949771 0 0 0.0868393 0.0825657 0 0 0 0 0 0 0 0.0790356 0 0 0 0.0489407 0.0799365 0.0999848 0.0267162 0 0.0264381 0.0298928 0.124493 0.0872723 0 0 0 0 0.117236 0 0.0528244 0.181423 0.0551131 0 0.0961763 0 0.0135333 0 0 0 0.0452271 0.0420763
0 0 0 0.0165869 0.00961077 0 0 0 0.1233 0.0147918 0.0386203 0.0162285 0 0 0 0 0 0 0 0 0 0 0.246443 0 0.0318827 0 0 0 0.0444154 0 0 0.00345713 0 0.076039 0 0.00139852 0.00520778 0.0564521 0 6.16691e-05 0 0.00955925 0.0563174 0 0 0.0877469 0.0776863 0.00897223 0 0 0.120947 0 0.0909609 0 0.0504179 0 0.0537378 0 0 0.0394522 0 0.113118 0 0.121266 0.125002 0 0 0 0 0.0677039 0.148851 0.0661702 0 0 0.114006 0 0 0.0593315
0.0228193 0.118009 0.0742819 0 0 0.186337 0 0 0 0 0 0.0283193 0 0.0568147 0.0205625 0.0839338 0 0.0663805 0.0441632 0.0850141 0.0689595 0 0.0570804 0 0.113704 0 0 0.112865 0.0713456 0.0904271 0.0165763 0.0572286 0.0333063 0 0 0.155834 0 0.0385501 0 0.0644504 0.0467317 0 0 0.0620885 0.0522717 0.0505272 0 0.0856431 0.012673 0 0 0 0.0427198 0 0.0418734 0 0.00138562 0.0163485 0 0 0 0.219801 0 0.012218 0.075372 0.0214201 0.213364 0 0.0668383 0 0 0.0671222 0 0.00790596 0.0582105 0 0.153455 0.0144302
0 0.0355134 0.0457076 0.0759767 0 0 0.0650034 0.130101 0 0.0432468 0 0 0.14204 0 0.140767 0.145101 0.045392 0.141606 0 0.0337766 0 6.98679e-06 0 0.113267 0 0.122613 0 0.103347 0 0.14531 0 0 0 0.0112719 0 0.0161719 0 0.0764744 0.0383527 0.165175 0 0 0.0271361 0.132055 0 0 0.103552 0.00610257 0.0178601 0 0.119873 0.0975318 0 0.0889417 0 0 0.0831819 0.0457095 0.0315707 0.016274 0 0.0272891 0 0 0 0.0643205 0 0 0.0511655 0.15317 0.211937 0 0.0872619 0 0 0 0 0.0675733
0.213581 0 0 0 0.0391847 0 0.0325857 0.0163714 0 0 0 0.191763 0.0447645 0 0.114219 0 0 0.0093112 0.0942418 0.0491345 0 0.132301 0.0725254 0 0.00505899 0 0.242715 0 0 0 0.0140011 0 0.262494 0.0789717 0 0.207068 0.0616338 0 0 0 0 0 0.0410484 0 0.0141915 0.0368364 0.0441019 0 0.0807098 0 0.0488516 0 0.109352 0.0285928 0.090154 0 0 0.153384 0 0 0.0170375 0.0244635 0.0154712 0.199174 0.0426223 0 0.22351 0 0 0 0 0 0.0752013 0.0574852 0.15702 0 0 0.0371919
0.13678 0 0.189188 0 0.135573 0 0 0.126272 0.0829362 0 0.0881639 0 0.0456957 0 0 0 0.0957384 0 0 0.0857907 0 0.102122 0 0.0640732 0 0.0251154 0 0 0.052095 0.195334 0 0 0 0.0787293 0.0585324 0.0366945 0 0.0577755 0 0.0485807 0.0458376 0.0831849 0.0771899 0.130695 0 0 0 0.1218 0.13263 0 0.116787 0 0.106255 0 0 0 0.0188956 0 0 0.0138676 0.0288134 0.242624 0 0.0263131 0 0 0 0 0.0874394 0.0994767 0.0045959 0 0.14174 0.055456 0 0.100827 0 0
