Proyectos/DeforestationModel/output/sdp.asc
ncols         300
nrows         300
xllcorner     273000
yllcorner     9.548e+06
cellsize      30
NODATA_value  -9999
[rows 204 to 237 of 300, columns 78 to 155 of 300]
0.0179144 0 0.104117 0 0 0.120037 0.171862 0.0232438 0.216498 0 0.100659 0 0 0 0.0265536 0.0897403 0 0.120075 0.0306148 0 0 0.084171 0 0.0376407 0.257106 0 0.0265407 0.145929 0.0196544 0.103547 0 0 0.182303 0.112074 0.122694 0.0366193 0 0.0168241 0.219987 0 0 0 0.116633 0 0.0256276 0 0 0.196789 0.0539217 0.200297 0 0 0 0 0 0 0.064383 0.0317807 0.0562815 0 0 0.00910942 0 0.0213211 0 0.120022 0 0 0.0808993 0 0.0443608 0.0795095 0 0 0.105427 0 0.131038 0.0516192
0.0250051 0.00529468 0 0.00657842 0 0 0 0 0.0145069 0.178869 0 0 0.273376 0.107446 0.0835945 0 0 0 0.0758199 0 0.118868 0 0.00573154 0 0 0.0491841 0 0.00965694 0 0.0935652 0 0 0 0.00213727 0 0.0191067 0.00521927 0 0.0063939 0 0 0.0191077 0 0.110695 0 0 0 0.0338379 0 0 0 0.213011 0.214113 0.0195922 0.210889 0 0 0.0636973 0.0922998 0 0.102489 0.0661692 0.0632075 0.128511 0.0840657 0 0.154153 0.193343 0.0584776 0 0.0992491 0 0.101033 0.0526477 0.0612226 0.0501426 0.141557 0
0 0 0.0743217 0.1393 0 0.0133429 0.0773227 0.170158 0 0 0 0 0 0 0 0 0.155292 0 0 0.0747045 0.0236106 0.0575496 0 0.129993 0.00858328 0 0 0.141143 0.0316024 0.173916 0.0562347 0.0123902 0.0562797 0.0601127 0.0260227 0 0 0.205264 0 0.0819068 0.0580873 0.0356399 0.0502814 0 0 0.0896663 0.134081 0 0 0.0241976 0.0572105 0.0608231 0 0 0.0833391 0.156647 0.156123 0 0.0803287 0.0796044 0 0 0.0358709 0 0 0.0762568 0.104879 0 0 0 0 0.0464852 0.012196 0 0.0385968 0 0 0.00919263
0.143366 0.0416391 0.0549213 0 0.101101 0 0 0.0654603 0 0.0148884 0.0170549 0.0845999 0.0476711 0.0134292 0 0.0803112 0 0 0 0 0 0.055924 0 0 0.0280881 0 0.0480729 0.139177 0 0.0701627 0 0 0 0.00755853 0 0.0994012 0 0.138535 0 0 0 0 0 0.0466168 0.080125 0 0 0 0.0655623 0.0484408 0 0 0.0736792 0 0.0386815 0 0 0 0.117451 0.0395907 0 0.0528667 0.0626838 0 0 0.0696052 0 0.158738 0 0.0445064 0 0.157352 0.106665 0 0 0.0842408 0.0378942 0.16274
0 0.00675301 0 0 0.0923725 0 0.151028 0 0.0182815 0 0 0 0 0.031169 0 0.247713 0 0.09587 0.100549 0.107218 0 0.0915646 0 0.0832833 0 0 0.0239272 0.0536352 0.0284959 0 0 0.0623672 0 0.0966511 0 0.0450434 0 0.0142144 0.128322 0.0472263 0.0134762 0.0526094 0.0556484 0 0 0.0892787 0.0195377 0.00856328 0 0.0746316 0.133378 0 0.284972 0 0.0573763 0.0791903 0.02544 0 0 0.00230261 0.00228922 0 0.0299879 0.0699557 0.145919 0.0382705 0.118616 0.0631402 0.205172 0.0201638 0.0242327 0 0 0.0972825 0 0 0.032118 0
0.145119 0 0.0535832 0 0.0527588 0 0 0 0.186138 0.0129858 0 0.0654179 0.0494544 0 0.0189542 0 0 0 0 0.0677341 0.0698007 0 0.014287 0 0.0766047 0.0153649 0 0 0 0.313894 0.0811906 0.0944018 0 0.112087 0 0.064367 0 0 0 0.0395284 0.0242709 0.0229566 0.019935 0 0.0176858 0.170625 0 0.146882 0 0.0511412 0 0 0.124591 0.0483846 0.018659 0.00755158 0.0723368 0 0 0.0464947 0 0.0166341 0.0233948 0.032063 0 0.0629815 0 0 0.030449 0 0.0950747 0 0 0 0 0.0251376 0 0
0 0 0 0.120726 0.0814317 0 0 0.308664 0 0 0 0 0 0.200955 0 0 0.199255 0.0223354 0 0.126495 0.0107528 0.0161797 0.0965513 0 0.114395 0.00842071 0 0.136583 0 0 0 0 0.060629 0.120761 0 0.0105656 0.125052 0.0907249 0 0 0 0 0.0145463 0.0844993 0 0 0 0 0.00876957 0.0737221 0 0.0337831 0.124079 0 0.0976006 0 0 0.154701 0.178789 0 0.0750931 0.097522 0 0 0 0 0.0403249 0.148528 0.0610654 0 0.0795984 0 0 0.169274 0.0118013 0.244556 0.159121 0.0479245
0.0899725 0.135245 0.0741102 0.0115153 0.106999 0 0 0 0 0.0422958 0 0.124654 0.0157102 0 0.257342 0 0.00707177 0 0.195396 0 0 0 0.0406886 0 0 0 0 0.0500359 0 0 0.095028 0.00435935 0.00906589 0 0.0360455 0 0 0.0551735 0.0615439 0.0594771 0 0 0 0 0.109332 0.0317877 0 0.0156032 0 0 0 0 0 0 0 0 0.0610613 0 0 0.238378 0 0 0.0355284 0.147762 0 0.152766 0.0579141 0 0 0.0687975 0 0.039566 0.126 0.0150513 0 0 0.116774 0
0 0 0 0 0 0 0.00186794 0.0266277 0 0 0.0490318 0 0 0 0.0459864 0.0447514 0.0899319 0 0.0391362 0.0869651 0.0253681 0.044985 0 0.173882 0.0675766 0.0868486 0 0.139096 0.0191784 0.00668198 0 0 0.0786925 0.0181389 0.0598571 0.0420932 0.170088 0 0 0 0 0.131784 0 0.0395145 0.0879989 0.0222043 0.0522299 0 0 0.033118 0 0.0326138 0.0378941 0.0663087 0.0520972 0.1097 0 0 0 0 0 0.132352 0.0560525 0 0.0233083 0.0457979 0.0674156 0 0.0337879 0.0595255 0 0.126113 0 0 0.0202224 0.0169052 0.0896179 0.173143
0 0.016263 0.0897626 0 0.180409 0.0327387 0.0733958 0.204974 0 0.103493 0.150852 0 0.205427 0 0.103142 0 0 0 0 0.10067 0 0.155862 0.0603021 0 0 0.0365324 0 0 0 0.0756039 0.148353 0 0.0260858 0.00191999 0 0 0 0.0366047 0.0900856 0.0490873 0.0745104 0.0165969 0.0144242 0.0383209 0 0 0 0.0796968 0.160446 0.0495519 0.0137477 0.05584 0 0.00782493 0 0 0.194857 0 0.186112 0.112568 0.0391699 0 0 0.235678 0 0 0.0186045 0.0244982 0 0.210791 0 0.0501642 0.134908 0 0.117547 0 0 0
0.126562 0.0293825 0.0284257 0 0 0 0 0.0984008 0 0 0 0.042583 0 0 0 0.0411217 0.0217583 0.177202 0.0609638 0.00176791 0 0.123992 0.0796205 0.0110732 0.0485889 0.137595 0.12983 0 0 0 0 0 0.0284373 0.118332 0 0.0448566 0.118137 0.0113456 0.03416 0 0 0 0.10885 0.161561 0 0.0165839 0 0 0 0 0.00164786 0.0185695 0 0.151677 0 0.0991106 0.088222 0.0297257 0.206337 0 0.0310087 0.226152 0 0 0.0430285 0.018227 0 0.0737482 0.025559 0.111099 0 0.0735638 0 0 0.0278433 0.0493319 0.115099 0
0 0 0.131768 0 0.00295474 0 0.121336 0 0.0234906 0 0.149128 0 0 0.113822 0.0621836 0 0.0400452 0.0138107 0 0.0909584 0 0 0 0 0 0 0 0.0588474 0 0.10596 0.0207738 0.0430397 0 0.0203426 0.0216649 0.0900599 0 0.0368885 0 0 0 0 0.0138517 0 0 0.21984 0 0.193589 0 0.104244 0 0.0663532 0.0177853 0 0 0.070193 0 0 0.00306351 0 0 0.0535258 0.043253 0.0450313 0 0 0.0393987 0 0 0 0.133079 0 0 0.0691534 0.123016 0.122285 0 0.0842902
0 0 0.0528681 0 0.0819531 0.00550371 0.0549525 0 0.0529386 0 0.138695 0 0.14214 0.0713571 0 0 0.0988049 0.0571259 0.0353529 0.0192018 0 0.0963686 0.0540795 0.0205008 0 0.0991107 0.0616495 0 0.0129709 0.0335229 0 0.0227719 0.0514153 0.019117 0 0.0687461 0.0492319 0.152753 0.0302343 0.113605 0.105336 0 0.0143042 0 0.0787233 0 0.154301 0.0302797 0.0100501 0 0.0153568 0 0.0322237 0 0.122113 0.00810119 0 0 0 0.00450731 0 0 0 0 0.00578648 0.253663 0.0391189 0.0884549 0.00399802 0.101806 0.0317613 0 0 0.0224706 0 0 0 0.0213444
0.130987 0 0.165076 0 0 0 0 0.170155 0 0.0919777 0.193693 0 0 0 0 0.0596328 0.100882 0.107752 0 0 0 0.185472 0 0 0.124437 0 0 0.0270641 0.0799018 0.0365035 0 0 0.0794476 0.06446 0 0 0 0 0.0954933 0 0 0.0468486 0.0642749 0 0.00237847 0.0856003 0 0 0 0.117875 0.217322 0 0 0.0604446 0.0210419 0 0 0.124361 0 0.0984745 0.121705 0.0609265 0.237696 0.191877 0 0 0 0 0 0.0120273 0 0 0.0636631 0 0.0274917 0 0 0.0545425
0.195933 0 0 0.0339755 0.0530335 0.113428 0.0647414 0.0830192 0 0 0.0614651 0 0.139459 0 0.108141 0 0 0.00101932 0.0058478 0 0.086176 0 0 0 0 0.110393 0.100099 0 0.0556607 0.00491936 0 0.0118329 0 0.0597535 0.0374182 0.119802 0.163919 0 0 0 0.146503 0 0.161999 0 0 0.0513709 0 0.0598522 0 0 0.11754 0 0.159228 0 0.0134066 0.103402 0.0497951 0 0 0 0 0 0 0 0 0 0.259544 0 0.0417939 0 0.156029 0 0.146152 0.0473025 0.0876049 0.0789695 0.0316057 0.128003
0 0.0482926 0 0.068593 0 0 0 0 0.0389719 0.0990201 0 0.0516433 0 0.024189 0.0562135 0.000433323 0 0.0627525 0.0683544 0 0.0283371 0 0.0725673 0 0.251452 0 0 0.126949 0.0547572 0.0467272 0 0.138429 0.163906 0 0.00607248 0 0.0855745 0 0.062944 0 0 0 0 0.171378 0.0294618 0.0828213 0 0.0405439 0 0.0775291 0 0 0.0681634 0 0 0 0 0 0 0.0826862 0 0.0968869 0 0.163315 0 0 0 0.265165 0 0 0.00822903 0 0.0192262 0 0.0624338 0 0 0
0 0 0.0188942 0.107449 0 0 0.0694562 0 0.0980467 0.0693712 0 0 0.0920653 0 0 0.135259 0 0.0149911 0.0148169 0 0.247418 0 0.0809626 0 0 0 0.00897321 0 0 0 0.0633539 0 0 0.0101235 0.0603731 0 0 0.0395024 0.131843 0 0 0.0685158 0 0.0164762 0 0.123353 0.156002 0.0456468 0 0.151152 0 0.00461862 0.0544733 0.162315 0 0.0388599 0.0597454 0.0394601 0.275113 0 0.0224684 0 0.260057 0 0.295583 0 0 0 0 0.0741198 0 0.118669 0.0797812 0 0 0.125829 0.0845322 0.010059
0.100348 0 0.103302 0 0.146165 0.0977533 0.0240196 0.0318013 0 0.0380131 0.0335767 0 0.0439501 0.0942753 0.0127398 0.0358465 0 0 0.0128102 0 0 0 0.0728167 0.0198352 0.00382095 0.091081 0.00150253 0.032948 0 0.0802217 0 0 0.0917088 0 0 0.046388 0 0.0144251 0 0.0308803 0.15667 0 0 0 0.0889141 0 0 0 0 0.0827367 0 0 0.0946575 0.064016 0 0 0.069638 0 0 0.0158578 0 0.034973 0 0 0 0 0.108598 0.102375 0.13741 0.0551079 0 0 0.0158488 0.00587481 0.158605 0.0536192 0 0
0.111053 0 0.123096 0 0 0 0.109731 0 0 0.00630738 0.0147455 0 0 0.0974845 0 0 0.030706 0.162166 0.142886 0 0 0.00560128 0.255398 0 0.0190067 0.0333532 0.0446905 0.044019 0.221753 0 0.0450939 0.108246 0 0.127003 0 0.0869482 0 0.0808519 0 0 0.035481 0.0668694 0 0.074173 0.0428362 0.136853 0.109976 0 0 0.1405 0 0 0 0 0.0142677 0.0971945 0.0649544 0 0.12882 0.0345932 0.0784235 0 0.0109369 0.131897 0.168905 0.169355 0 0.0858125 0 0.159244 0 0.253956 0 0.0549361 0 0.206963 0 0.109627
0.00722642 0.0140012 0.164238 0 0 0.0139781 0.00741951 0.00165024 0.0257299 0 0.193757 0.0757109 0 0.0727834 0.214787 0.0816032 0 0 0 0.208756 0.0178323 0.0754213 0 0.106876 0.0527603 0 0.0182587 0 0 0.0867658 0 0.0076248 0 0 0 0.0108061 0.0715772 0 0.164605 0.0221944 0 0 0 0 0.00226997 0.00982027 0.0702501 0.0493831 0 0 0.156539 0.0942122 0.0087564 0.106638 0 0 0 0.153739 0 0 0 0.0390482 0 0 0 0 0.0442778 0.0732111 0.17281 0 0 0.141306 0 0.0650801 0 0 0 0
0.0690997 0 0 0 0.0848208 0.0805755 0 0.135834 0.180742 0 0 0 0 0.0542969 0 0 0.0758338 0 0.1004 0 0.121477 0 0 0.0386327 0 0.0623917 0.200972 0 0 0.0116144 0 0.14398 0 0.244971 0 0 0.0706798 0 0 0.0357164 0.04053 0.0534557 0.0347338 0.0568561 0 0.0213721 0 0 0.102078 0 0.0424277 0 0 0.177146 0.189232 0 0.0343306 0 0.0355335 0 0.0884616 0.0847151 0 0.117333 0 0.0353167 0.0837475 0 0.081862 0 0 0 0.0231051 0.15227 0.0997797 0 0.0576933 0.00854274
0 0 0 0.0877224 0 0.154338 0 0 0 0.0931692 0.060043 0.0430791 0 0.0562142 0 0.00691828 0 0.1596 0 0 0 0.021294 0 0.0123031 0.0551911 0 0 0.0594916 0 0.185462 0 0 0 0.0868436 0 0.165266 0 0 0.0906593 0 0.0327189 0 0.104608 0 0.160881 0 0.0935218 0 0 0 0.0522208 0.0490758 0.126369 0 0 0 0 0.122155 0.0876584 0 0.0924833 0 0 0 0.0111677 0 0.201422 0 0.102829 0.0125247 0.0636034 0.147788 0 0 0 0 0 0
0 0.112585 0.000446599 0 0.0681337 0 0 0.106815 0.0202712 0 0 0.0558674 0 0.0209321 0 0.0823564 0 0 0 0.221924 0 0 0.0230062 0 0.0760916 0 0 0 0.0226484 0.0998179 0 0 0.0930537 0 0 0 0.0357181 0.111143 0.0334567 0 0.0349951 0 0.0821059 0 0 0 0.0984267 0 0.168553 0 0.0634434 0 0.112314 0 0 0.0434614 0.058522 0 0 0.0465682 0.0882184 0 0.0858984 0.106061 0 0.0660536 0.0344204 0.0925721 0 0 0 0 0.10425 0.111279 0 0.161031 0 0.00239776
0 0.106058 0.0657313 0.0738107 0.0575143 0 0.0201587 0 0 0.132239 0.0117841 0 0.116194 0.0924202 0 0.25455 0.0256775 0.12988 0.0323947 0.0572778 0 0.244478 0 0.180509 0.0825515 0 0.170843 0.083593 0 0 0.251422 0 0 0.00522855 0.264838 0.0595154 0 0.0181088 0.0996216 0 0 0.0352198 0 0.0222451 0.111285 0.0187775 0 0 0.00638258 0.00265464 0.0879764 0 0 0 0.0270686 0 0.0570618 0.220425 0 0 0 0.0282862 0 0.212609 0 0 0 0 0.0762345 0.143449 0 0.102217 0.167887 0 0 0.192696 0.0451094 0.070882
0.100722 0.142146 0 0 0.112318 0 0 0 0.0857535 0 0.00130141 0 0.0691848 0 0 0.021298 0 0.00318346 0 0.0449531 0 0.0983287 0.043411 0.0178511 0 0 0 0.0881667 0 0.127969 0 0.268275 0 0 0.00978148 0 0.0556659 0.0501306 0 0.139381 0.162878 0.00651996 0.1446 0 0.0817887 0 0.00271366 0.0767762 0 0.0427922 0.0632841 0 0 0.0564218 0.197805 0.121812 0 0 0.111083 0 0.114924 0.0864526 0.103858 0.0290402 0.071937 0.211666 0.155973 0 0.105592 0 0.0878423 0 0 0.0966547 0.0932169 0.0539663 0 0
0 0 0 0.00228917 0 0 0.0241177 0.165681 0 0.0974304 0 0.028026 0.207661 0.0548159 0 0.044332 0.0491635 0 0 0.0804917 0 0.0923925 0 0 0.020856 0 0 0 0 0 0.03074 0 0 0 0.0250142 0 0 0 0 0.0161986 0 0 0.0112183 0 0.0659799 0 0.146978 0.170821 0 0 0 0.0430525 0.155912 0 0 0 0.11847 0.00646726 0.0232672 0.0464138 0 0 0.0981219 0.15347 0 0 0.157089 0.0118678 0.195537 0 0 0 0.0885193 0 0.0539975 0 0 0
0.1437 0 0.138345 0 0.146305 0.0771546 0 0.0869137 0 0.117291 0 0 0.0072161 0 0 0 0.0157336 0.0717184 0.100857 0.0316026 0 0.0675439 0.0207621 0.00740289 0.00760218 0.156054 0 0.175753 0.108097 0.0258491 0.0985821 0 0 0.240968 0 0 0 0 0 0 0 0 0 0 0.00397352 0 0 0 0 0.176276 0.0878365 0 0.0339597 0 0.339425 0 0.111683 0.13182 0 0.0399656 0 0 0 0 0.0599406 0 0.0216016 0 0 0 0.0576027 0 0.067325 0 0.0465231 0 0.0330718 0.147622
0.105672 0 0 0 0 0.230975 0 0 0.0433815 0.0456518 0 0.0550295 0.0986524 0 0.109587 0.0930451 0.0439674 0 0.0621276 0.0811582 0 0 0.0766611 0.0613685 0.111313 0.0394336 0.0165033 0.175173 0 0 0.0678397 0 0.0452284 0 0.118687 0 0.166241 0.134661 0.0624179 0 0.0345692 0.0998455 0 0.0913452 0 0 0.207957 0.202894 0.0411178 0 0 0 0.118369 0 0.172886 0 0 0 0 0 0 0.0364549 0.107268 0 0.00480691 0 0.0725687 0 0 0.100874 0.122433 0 0 0 0 0.142246 0 0.252715
0 0.0648041 0.0145611 0.0370161 0 0.0875921 0 0.0566882 0.066428 0.0877834 0.0947558 0 0.128112 0 0 0.0177371 0.167575 0.194762 0 0.0542692 0.073704 0 0 0 0 0.0471847 0 0 0 0.0894838 0 0.114348 0.154867 0 0 0.0256355 0 0 0 0.161201 0 0.0912187 0 0.0853512 0.057552 0.0301084 0 0 0 0 0.0198566 0 0.11496 0.0114582 0.0551775 0.0921907 0.144863 0.163629 0.0300783 0.0549028 0 0 0.074842 0.187769 0 0.0453243 0.138125 0 0.00737199 0.023091 0 0 0.173532 0.104782 0.124373 0 0 0
0 0.0564751 0 0.0174415 0 0.0326151 0.0253505 0.0790782 0.0256978 0 0 0.0273562 0 0.0218956 0 0 0 0 0 0 0 0 0 0.0288038 0.0164777 0 0 0.0837049 0.0178809 0 0.120244 0 0.0542004 0.000763096 0 0.215385 0 0.0738375 0 0 0 0.0569042 0.0424709 0 0 0.0624868 0.0848819 0.103789 0.165235 0 0.173715 0 0 0 0 0 0.0657588 0 0 0.0326227 0 0 0.215332 0 0 0.0891891 0.00332578 0 0.0722193 0 0.115216 0 0 0 0.0070524 0.0466485 0.0447131 0.295722
0 0 0 0 0.0267208 0 0 0 0 0.0608105 0 0.107198 0 0.138428 0.0377033 0 0.103918 0 0 0.112166 0.0309855 0.0615884 0 0.0913387 0 0 0.167418 0 0 0.00920375 0 0.0697376 0 0.0463494 0.0239833 0 0 0 0 0.0226831 0.0538871 0 0 0.160223 0.00503383 0 0 0 0 0.0615668 0.0043785 0 0.0874191 0 0 0.0457959 0 0 0 0.122108 0.10071 0 0.14686 0 0 0 0 0 0 0.178326 0 0.0237515 0.254653 0.0929201 0 0.000117843 0.00464553 0
0.0513928 0.13611 0 0.0163696 0.143912 0.0234949 0.0144884 0.0876378 0.00703577 0 0.0545904 0 0 0 0.109624 0.0163019 0.0688166 0.128382 0.211463 0 0.0137854 0 0.0918198 0 0 0 0.256881 0.119097 0 0.159817 0.0187284 0.0467902 0 0.0366765 0.0362046 0.218214 0.323049 0.0792505 0.0756736 0.0131616 0 0.179623 0 0.0234437 0 0.0717232 0.0118761 0.0651027 0 0.195197 0 0.0454153 0.133948 0 0.12265 0.10446 0 0.0828896 0.0682952 0.0874779 0 0 0.0396099 0.0023844 0 0.0542593 0.0391281 0 0.0647417 0.0494696 0.0270116 0 0.015587 0 0.0673245 0 0.0132791 0
0 0.0749366 0 0 0 0.166988 0 0 0.0307716 0.0980398 0 0 0.0968715 0 0 0 0 0 0 0.0756708 0 0.123615 0 0.0116763 0.0402685 0.0476692 0 0 0.162117 0 0 0.192616 0 0 0 0 0 0 0 0 0.0486204 0 0.167344 0 0.0843647 0 0 0 0.0596379 0 0 0 0 0.144556 0 0.0262553 0.115829 0 0.0581789 0.155456 0 0 0.067808 0.0256884 0 0 0 0.0175884 0 0.0496649 0 0 0.0200731 0.0314774 0.0515714 0 0 0.0315946
0.00676271 0 0 0 0.0149771 0 0.0216059 0.0325335 0.157313 0 0.189431 0.00737181 0.0554531 0 0.213365 0 0 0 0.155661 0.0541544 0 0.0455817 0 0.0900034 0 0.0063551 0.0120909 0.00335532 0.14553 0 0 0.103311 0.124399 0 0.078714 0.124903 0 0.0533044 0.036564 0 0 0.0390974 0.046075 0.130852 0.0882117 0 0.047729 0 0.197807 0.0221249 0.0561976 0.0238239 0 0 0.0956308 0 0 0.147796 0 0.0873434 0 0 0.00835525 0.12925 0.0811336 0 0 0.0349507 0.073289 0.0572861 0.124335 0 0.148233 0 0 0.292934 0.195119 0.0276615
