Proyectos/DeforestationModel/output/sdp.asc
ncols         300
nrows         300
xllcorner     273000
yllcorner     9.548e+06
cellsize      30
NODATA_value  -9999
[rows 34 to 67 of 300, columns 156 to 233 of 300]
0 0.0297847 0.158968 0.202975 0.1409 0 0.00342001 0.0147136 0.0132576 0.25464 0.0388127 0 0 0 0 0.110728 0.132987 0.128953 0.0407286 0 0.157084 0 0 0.0589941 0 0 0.103965 0 0 0.0034436 0 0.0210642 0 0.0299006 0.0505347 0.0611698 0.00905746 0 0.101217 0 0 0 0.0487492 0 0.0162686 0.0948289 0 0.0433879 0 0.129902 0.073982 0.0446682 0 0 0.00831046 0.232353 0.0187092 0.117467 0.145603 0 0 0 0.00156028 0.114445 0 0.0753235 0 0.00489048 0.00970148 0 0.173089 0.141115 0.0540161 0 0.0356713 0.065301 0 0
0 0 0 0 0 0.00288256 0 0.0337369 0 0.0171362 0 0.143053 0 0 0.119896 0.0226721 0.0126334 0 0.0338219 0 0 0 0 0.0228234 0 0.073903 0.0719387 0 0.0588709 0 0 0.107476 0 0 0 0.0588812 0.0624354 0 0 0 0.122029 0 0 0.0534473 0 0 0.0514469 0.0760593 0 0 0.0299731 0 0 0 0 0.0025358 0 0 0 0.00858431 0.0406133 0.100496 0 0.028122 0 0.0760139 0.0270939 0.055067 0 0.203679 0 0 0.147345 0 0 0.00979718 0 0.124543
0 0 0.00247267 0.172817 0.067401 0.186107 0.0306685 0.216639 0 0 0.0369823 0.0972743 0 0.0565117 0 0.142129 0 0.0822466 0.00540341 0 0 0.08126 0.00498947 0.0446379 0.0333463 0 0 0 0.137001 0 0.0712745 0.0927762 0 0.052286 0.0301481 0 0.00185153 0.0720281 0.000158779 0.0875043 0.133307 0 0.120796 0.164593 0.00349279 0.0440357 0.0294993 0 0.0906714 0 0.0123693 0.0322063 0.0794554 0 0.0369923 0 0.134855 0.101796 0 0.0475949 0 0.0720025 0 0.135073 0 0 0.0308702 0 0.00751418 0 0 0.13418 0.0645339 0 0.108118 0 0.142166 0.00912543
0.109012 0 0.113473 0 0.0271917 0 0 0.0518902 0.0632741 0.0280232 0 0.0605881 0.0390694 0 0.0547875 0.00656748 0.00647432 0 0.038177 0.166306 0.059155 0.0340769 0.0131271 0 0.0837621 0.0360123 0 0.0280306 0.0715212 0 0 0 0.104322 0.0338507 0 0 0.0495349 0 0.0410663 0 0 0 0.00578796 0 0.11423 0 0 0.0598739 0 0.038865 0 0 0 0.0699614 0 0.109518 0.029227 0 0 0 0 0.0832123 0 0 0.0385961 0.049864 0 0.0264241 0 0.131275 0 0 0 0 0.133894 0 0.0553697 0
0.0144814 0 0.0771364 0.128255 0.0998225 0 0.0383824 0 0.0810237 0.0425736 0.0420146 0.0467093 0 0.0902628 0.00708155 0 0.103616 0 0 0 0 0 0 0.0524912 0 0 0 0.00484378 0 0 0.102545 0 0.00136149 0.12074 0 0.0628335 0 0 0 0 0 0.08203 0 0 0 0.00194212 0.0426322 0 0.207632 0 0.189681 0 0.187413 0 0.0588272 0 0.0137732 0 0 0 0.204097 0 0 0.0909247 0.0759418 0.120939 0 0.176634 0 0.0306522 0.273995 0 0 0.0987131 0 0.0230209 0.113387 0
0.162533 0 0 0.200067 0 0 0 0.060448 0 0.138518 0 0 0 0.0275415 0.105397 0 0.0216318 0.0130486 0.126757 0 0.00903667 0 0 0 0 0 0.174759 0 0 0.0950045 0 0 0.0461306 0.0880721 0.00290973 0 0.0241498 0.0335799 0.0380489 0.0387276 0.00916528 0 0.00203995 0.135191 0 0 0.140346 0 0 0 0 0.0600492 0.245714 0 0.00309227 0 0.00306769 0.202064 0.18838 0 0 0.0291197 0 0.0574566 0 0 0 0.0593607 0 0 0 0.0728725 0.0369345 0.0196645 0 0 0 0
0.0288865 0.0248135 0 0 0.0163016 0.0245694 0.0378323 0 0.0220517 0 0.00846134 0.0390705 0.00203764 0 0 0 0.0523623 0 0.0206178 0.114439 0 0 0.158285 0.0194661 0.0973185 0 0 0 0.0313052 0 0 0.12964 0 0.021098 0 0.121119 0.00838031 0.00443352 0.015686 0 0.0538158 0.0903027 0.00997087 0.0500219 0 0.0492252 0 0.0172719 0.00703221 0 0 0.00822653 0 0.134868 0.00750273 0.109885 0 0 0 0.0550929 0 0 0 0 0.159687 0.0151697 0.13673 0 0.130551 0.0467523 0.0650429 0 0 0 0.0581145 0.14162 0 0.0882796
0.0322327 0 0.107241 0.0797132 0.0182156 0 0.0282013 0.0597456 0 0 0.0315742 0.054571 0.055185 0.0654643 0 0.0412577 0.0666187 0.028344 0.0796369 0.122003 0.0782106 0.0841179 0 0.000653987 0.13351 0 0.135976 0 0.0459481 0 0.0472249 0 0 0.00178027 0.108797 0 0.0362529 0.0374205 0.0484201 0.0555082 0.0651449 0 0 0 0 0 0 0.058706 0.0738183 0.0939482 0.0218779 0.0294162 0 0.0786791 0 0.0333358 0.143071 0 0 0.0488344 0 0.0748687 0.0757307 0 0.0802937 0 0.007511 0.0290981 0.0325823 0 0.0123501 0.123202 0.0935384 0.0983839 0 0.00199542 0 0.167343
0.114123 0 0.0890323 0 0 0.013522 0.0221564 0 0.184952 0.00556206 0.0934915 0 0.101098 0 0.00304949 0 0.110204 0 0 0 0 0 0.0974559 0 0.051004 0 0.0423309 0 0.063736 0 0.0488774 0.143363 0 0 0.159835 0 0 0.00266183 0 0 0 0.120042 0.136796 0.069566 0.00522303 0.181263 0 0.139445 0 0 0 0.0465455 0.0153474 0 0.029031 0.142717 0 0 0.028348 0.115249 0 0.0253762 0.0603525 0 0.0746811 0.0374926 0.167987 0 0 0 0 0.0195512 0.00530383 0.192819 8.9941e-05 0.113466 0 0
0.233491 0 0.016638 0 0 0.087676 0.137823 0 0 0 0.218721 0 0.13481 0 0.00574839 0 0.119918 0.102508 0.0519482 0.0980624 0 0.00987439 0 0 0.00547346 0 0.0748041 0 0.175859 0 0 0.0789373 0 0 0.00741481 0 0.0480107 0.0478686 0.0156065 0.0613238 0.0524825 0 0 0 0.00085186 0.00796552 0 0 0.0553789 0.105684 0.0564036 0 0.224423 0.0564772 0 0 0 0.129036 0 0.098493 0 0.181817 0 0 0 0 0 0 0.0670817 0.0656335 0 0.0510274 0 0 0 0.0404578 0 0.0141556
0.0182476 0.0468217 0 0.0921489 0 0 0.0510823 0 0.102808 0 0 0 0.0653757 0.0794772 0.0311156 0.145181 0 0 0 0 0 0.0851942 0.0458489 0.0456513 0 0 0 0 0.0243108 0 0 0.115185 0 0.189836 0.0212808 0 0 0 0 0 0.144094 0.0984289 0 0.0853838 0.0179855 0 0.0193102 0.0517372 0 0 0.0338826 0 0 0 0.0975578 0 0.0193964 0 0.0508656 0 0 0 0 0.0486098 0.0387184 0.0495895 0.248192 0 0 0.0670293 0.0215172 0.035582 0 0 0 0 0.165021 0
0.0334051 0 0.0166414 0.131791 0 0.0247634 0 0 0.189585 0.00181758 0 0 0.0277441 0 0 0 0 0.0572511 0.194361 0 0 0.130476 0 0.00102609 0.101101 0 0.0741754 0 0.0705742 0 0 0.1228 0 0 0 0.102284 0 0 0.167699 0 0 0 0.00298244 0.0437522 0.0909078 0.044428 0.041071 0 0.126753 0.00813093 0.0341604 0.238908 0.0527668 0.121666 0.0894836 0.00153271 0.00594347 0 0 0.0281548 0 0.241401 0 0.0613483 0 0 0 0 0 0 0 0.0727606 0.00130992 0.0379066 0.00528449 0.0674464 0 0.0214548
0.000899604 0 0 0 0 0.0362417 0.200264 0 0.0154135 0.00571737 0.1058 0 0.029591 0.0345448 0.0485098 0 0.0481153 0 0 0.0528716 0.0320474 0.00424025 0.0434905 0 0.0621296 0.0635522 0.0964992 0 0 0.144021 0.000159473 0.103636 0 0 0.0157378 0 0 0.0609052 0 0.0587869 0.0307074 0.181857 0.0142459 0 0 0 0.178488 0 0.0738888 0 0 0 0.0768042 0 0.00918664 0 0.148355 0 0.13379 0 0 0.103699 0.00292297 0.0258794 0 0.0548014 0.0928479 0.0489124 0 0.0901048 0.0772191 0 0.132047 0.00626955 0.0721413 0.0384998 0 0.150157
0.0887547 0.0368691 0.187416 0.0641595 0.00440778 0 0.126558 0 0.0811088 0 0.0174294 0.00414214 0 0 0.155979 0 0.0638229 0 0.17801 0 0 0 0 0.0357541 0 0 0 0.103711 0 0.0702542 0 0.00259948 0 0.152768 0 0.00056507 0.0547647 0 0 0.0370195 0 0 0.0667412 0.00661822 0.0671122 0.192132 0 0 0 0.0110161 0.15257 0.190958 0.0103312 0.0575502 0.0375681 0 0.0616754 0 0 0 0 0 0 0 0.0358608 0 0 0.0256081 0 0.0167636 0.0143998 0.0560241 0.0713109 0 0.016264 0 0 0.128319
0 0 0 0 0.115896 0 0 0 0 0.117928 0.102031 0 0.100095 0 0.146792 0.061418 0 0 0.134551 0 0.0452108 0 0 0.183052 0 0.112572 0.108485 0.0080387 0 0.0555938 0 0 0.0627148 0 0.136828 0 0 0.0153365 0.00113684 0 0 0.0557443 0 0.0610388 0.0192026 0 0 0 0.113434 0.0817902 0 0 0.0865069 0 0 0.0220094 0.113851 0.0282823 0.0060249 0.0279404 0 0.0830312 0.0695306 0.157149 0 0.158978 0.0303149 0 0 0.116487 0 0 0 0.0264012 0 0.153615 0 0
0.0799637 0.107245 0.0580974 0.103323 0.0856795 0 0.192542 0.213614 0 0 0 0.0457066 0.136396 0 0 0 0.0745185 0 0.0061477 0 0 0 0.0717094 0 0 0 0 0 0 0.0443821 0.043418 0 0.105841 0 0 0 0.0336057 0.113447 0 0.200744 0.178431 0.0351896 0 0 0 0 0.0814368 0.112978 0.00500396 0 0.0923295 0.0561056 0 0.121778 0.0423783 0 0 0 0.0507837 0 0 0 0.00477166 0 0 0.155507 0 0 0.13944 0.133113 0 0.0311903 0.0421751 0.029158 0 0 0 0.0840585
0 0 0.0599954 0 0 0.0245045 0 0 0.10852 0.0995528 0.0638836 0.12123 0 0 0.124189 0 0.0272742 0 0 0.0222493 0 0.087762 0.000138856 0 0.0375389 0.0942328 0 0 0 0 0.0408244 0 0 0.046464 0.0533699 0.0745842 0 0 0.0676756 0 0 0 0.0678943 0.0932835 0.0244414 0.0892212 0.0628995 0.0474428 0 0.0961807 0 0 0.00119092 0.0350038 0.0241058 0.00931681 0.0748329 0 0.00451253 0.0564888 0.0925961 0 0 0.0714446 0 0.029617 0 0 0 0.0386289 0 0 0.0311264 0.0136916 0.11822 0 0 0.0406617
0 0.0771846 0.161634 0 0.178895 0 0.253722 0 0 0 0.00437257 0.0158397 0.00563186 0.0518454 0 0 0.178685 0 0 0.137155 0.0840558 0.0785962 0 0.146143 0 0.100184 0.0898909 0 0.150081 0 0.130593 0 0.0620358 0 0 0.113335 0 0.00519228 0.0866312 0.0723497 0.0760635 0.142056 0 0 0 0 0.0891804 0 0 0.154888 0 0 0 0 0 0 0.052292 0 0.128023 0 0.0354281 0 0.0110553 0 0.0644973 0 0.163082 0.0308978 0.0391532 0 0.0866393 0.0126378 0 0 0 0.00715417 0.00483782 0.13194
0.143598 0 0 0.180957 0 0.05698 0 0.0148389 0.220646 0 0 0.122559 0 0.0488539 0 0.0549738 0 0.0147633 0.0940056 0 0 0 0 0.0936767 0.0295155 0 0 0 0 0.200845 0 0.0360569 0 0 0.0496655 0 0.0654573 0.109367 0 0 0.0489504 0 0 0.0351718 0.00123511 0 0 0.00339314 0.00592863 0 0.233702 0 0.129289 0 0.096294 0.079755 0.0537511 0 0.0485738 0.104802 0 0.0659305 0.134788 0.0332527 0.0244177 0.0877042 0 0 0.0454019 0 0.0999515 0.00585644 0 0.112435 0.019989 0.132773 0 0
0.0319102 0 0 0.037241 0 0 0.190172 0.0774227 0 0.170872 0.0768832 0 0 0.11207 0 0.0625861 0.0700329 0.0365947 0.0382304 0.046636 0 0 0.0665424 0 0 0.0303635 0.211324 0 0.1686 0 0.147286 0 0 0.0544929 0 0 0.0678718 0 0.111866 0 0.0615787 0 0.0173691 0.120988 0 0 0 0.137281 0.0609087 0 0 0.00241032 0.127095 0 0.0855067 0.0506206 0 0.042149 0.0631513 0.0672976 0.0218624 0 0 0.0110358 0 0.0620394 0.0340597 0 0.0302385 0.11686 0 0.0196377 0.00848846 0.019437 0.0422088 0 0.000712154 0.226353
0 0.093036 0 0.0915762 0 0 0 0 0 0 0 0 0 0 0 0.0208069 0 0 0.170056 0 0.156495 0 0.0956503 0 0.0213111 0.0194629 0 0 0 0 0.0301633 0.0100751 0 0.194521 0.0317569 0.0391121 0.116177 0.045551 0.0116694 0 0.0910461 0 0.00675013 0.0071814 0 0.196706 0 0.157008 0 0.0635139 0.0619263 0 0 0 0.239471 0 0.0151444 0 0 0 0 0 0.0574865 0 0.0490405 0 0 0 0.123916 0 0 0.127097 0.0162927 0 0 0 0.0350547 0.0702761
0.0212812 0 0.0711511 0 0.171923 0 0 0.297347 0.0790316 0.11201 0.0627756 0.0358569 0 0.0721051 0.0396038 0.00460772 0.0555212 0 0.117852 0 0 0 0.0790776 0 0.0379812 0 0.0831088 0.0956479 0.0184411 0.136885 0.057982 0.0705982 0 0.0137664 0 0 0 0 0.000451114 0.0685231 0 0.0493346 0 0.0359568 0 0.0811144 0 0.151989 0.0686132 0 0.0730108 0.0471398 0 0 0.161497 0 0.117056 0 0.0783577 0.00178459 0.0992374 0.0502938 0 0.125898 0 0.156185 0.0282399 0 0 0.0925332 0.121297 0 0 0.0231014 0.044086 0.0272088 0.0450779 0
0.054749 0.0675487 0 0 0 0.158318 0 0 0 0 0.0346342 0.129424 0 0.165631 0 0 0 0 0.179105 0 0.105849 0.0193618 0 0.0668108 0.186421 0 0 0.065603 0 0 0 0 0.0465136 0.0750491 0.0328919 0.12373 0.0337368 0.0624232 0 0 0.0152486 0 0 0 0.0256024 0 0.0334271 0 0 0 0 0 0.031599 0.147965 0 0 0.0662731 0 0.0331722 0 0 0.102859 0 0.214905 0.00545547 0 0.147016 0 0.0813557 0 0 0 0.115923 0.103283 0 0 0.0473764 0.0922817
0 0.0567758 0.047679 0.174292 0.065315 0.0102483 0 0 0.0293499 0.15133 0 0 0.00460074 0.0262741 0 0.0288119 0.0916331 0.0165996 0 0.041264 0.0264814 0 0.0861548 0 0 0.0428587 0 0 0.0751122 0.0876959 0 0 0 0.00968952 0 0 0.0935818 0 0.12856 0.0450621 0.0259245 0 0.0677092 0.00178967 0.113419 0 0.0328862 0.0847643 0.0731031 0.0682183 0.0238133 0.0207186 0.0388822 0 0.148355 0 0 0.0564571 0.113564 0 0.0311686 0 0.00813601 0 0 0 0 0.053103 0.117605 0 0.10411 0.0488121 0 0 0.0647578 0 0 0
0.00607776 0.00534953 0.0392936 0 0 0 0.0558007 0.121575 0 0 0 0.00715944 0.0895624 0 0 0.0853594 0 0 0.0926137 0.0753693 0 0.0750836 0 0.100487 0 0.0327274 0 0.0946536 0 0 0 0.124985 0 0.109197 0 0 0 0 0.0358695 0 0.0214727 0.0359145 0.0608177 0 0 0.126643 0 0.0572062 0 0 0.177335 0.0521074 0 0.0544685 0 0.0853005 0.0879607 0 0.0457759 0 0 0.00270607 0 0.00379046 0.0644741 0.0873432 0.0445595 0.0451166 0 0.0504838 0 0 0.119879 0.0541733 0 0 0.00448882 0
0 0.0685061 0.0514976 0 0.150729 0.130164 0 0 0 0 0.142638 0.0325995 0.0296644 0 0.040881 0.00130696 0.0047353 0 0 0 0 0 0 0 0 0.0685873 0 0 0 0.00273 0.121004 0 0 0.184706 0 0 0.138119 0 0.0884773 0 0.0804569 0 0.0349714 0 0.139791 0 0 0.153352 0 0 0 0.00804364 0 0 0 0.111938 0 0.121542 0.00631145 0.0371302 0 0.0262343 0 0.00602612 0 0.0366341 0 0.00210303 0 0.124305 0.0746189 0 0 0 0.137143 0.0729422 0 0.0319663
0 0.0309178 0 0 0 0.00252553 0.151154 0 0.0766865 0 0 0 0.0510149 0 0.0283706 0.184914 0 0.0342425 0 0.142772 0 0.101125 0.00822207 0.0759312 0 0.040604 0.163378 0.0224591 0 0.036796 0.0515205 0.044915 0 0 0 0 0 0 0.0170795 0 0.0621895 0.07027 0 0.124268 0 0.117432 0 0.0548331 0.0687406 0.135302 0.0105208 0 0 0.0746408 0.0589663 0 0 0 0.113067 0 0 0.304913 0 0.214913 0 0.025323 0.0481142 0.0364788 0.027908 0 0.0212677 0 0 0.0476372 0 0 0 0.105309
0.120611 0 0 0 0.0076637 0 0 0.00577053 0.0203066 0.0335558 0.0289511 0.0176653 0.0711875 0.057392 0 0.12251 0.0489177 0 0.00780141 0 0.0722956 0.00465443 0.0687859 0.00694779 0 0.0632327 0.0918387 0 0.0561128 0 0.063884 0 0.0293996 0.115111 0.0918283 0 0.163154 0 0 0.109519 0 0.0742405 0 0.0723027 0.105836 0.00129051 0.0138435 0 0.0287538 0.0172713 0 0.163647 0.0853171 0 0 0 0.216657 0 0.0982314 0 0 0 0 0.0688121 0.0518882 0.117172 0.0981065 0 0 0.13421 0 0.0532338 0.144794 0.0959949 0.0230055 0 0.0332334 0
0.0449006 0 0.0980783 0.105693 0.226972 0 0.0925023 0 0.103204 0 0 0.0531186 0 0 0 0.00910088 0.0665906 0 0.0922279 0 0.102518 0 0 0.088493 0.0240492 0 0 0 0.123336 0.0706928 0 0.0566434 0.0195349 0.128441 0 0.100805 0.0534197 0 0 0 0 0 0.0798679 0 0.0818505 0 0.0275989 0.0772641 0.0217441 0 0 0 0.077845 0.0797827 0.0371206 0 0 0.0647581 0 0.162362 0.0541276 0.00646356 0 0.175935 0 0 0 0.0160395 0.0873911 0 0 0.105083 0 0 0.0567073 0.077666 0.0529967 0.00717804
0 0 0 0.0132041 0 0.112257 0.168885 0 0 0 0.0541222 0 0 0 0 0.0195597 0 0.0686775 0.0638618 0.02052 0.0663404 0.028779 0 0 0.103808 0 0 0.0713504 0 0 0 0 0 0 0.00512517 0 0.0212117 0.0361978 0 0.19593 0 0.0300835 0 0.0431569 0 0.10056 0.0279999 0 0.195055 0.147503 0.0938525 0.0952066 0 0 0 0.0660052 0 0 0 0 0 0 0 0.194352 0 0.139302 0.172516 0.0978126 0 0 0.0176993 0.0164161 0.0161464 0 0 0.0520701 0 0.0774684
0.210572 0.0396315 0.0673739 0 0.0248952 0 0.0753128 0 0.137193 0.0376451 0.0104564 0 0.103969 0.0772011 0.140735 0.00953025 0 0.060244 0.0215851 0 0.00763293 0.0206628 0 0.0341168 0.0447337 0 0.0470953 0.145826 0.00481323 0.0244955 0.172383 0.274841 0.0419884 0 0 0.0377283 0.0082134 0.0489372 0 0.147 0.0459484 0 0.0315671 0.0561334 0.0547928 0 0.0979179 0 0 0 0.053047 0 0 0.027105 0 0.136051 0.0850428 0.0344614 0.0989478 0.0293927 0.146462 0 0.0538685 0.0130341 0 0 0 0 0 0.0787254 0 0 0.0250983 0 0.0400835 0.0515336 0.0674355 0.0576474
0.0478514 0 0.0166236 0 0.145837 0 0.0548671 0.0394868 0 0 0.00912344 0.00980024 0 0 0 0 0 0.00491471 0 0 0 0.0572882 0 0.0939848 0.13503 0.0499945 0.0511545 0 0 0 0 0 0.046879 0 0.0210191 0.0214969 0 0.025017 0 0.0333359 0 0.154606 0.0203379 0.0504722 0 0 0 0.161867 0 0.0270481 0.129596 0 0.14611 0 0.023157 0.0249737 0 0 0 0 0 0.122406 0 0.0394536 0 0.000546184 0.0210588 0.067145 0.0639226 0 0.014821 0.0397373 0.0444662 0.198601 0.0606988 0 0 0
0.0012854 0.0196473 0 0.0201843 0.130803 0.0380436 0 0 0 0.0116575 0.00926582 0 0.159855 0 0.0037332 0.114081 0 0.0108186 0.0736408 0.0602275 0.0595492 0.0254542 0.00401222 0 0 0 0 0.194741 0.116375 0 0.0696764 0 0.104254 0 0.0229488 0.00824683 0 0 0.0727059 0 0 0.0825492 0.0187637 0 0.00968195 0.161223 0 0.100588 0 0.155536 0 0 0 0.032286 0 0.16923 0 0 0.00559589 0.0179492 0 0.0188492 0 0.00212636 0.0597115 0 0 0.21331 0 0.114096 0 0.12584 0.00651682 0 0 0.00483325 0 0.127331
0 0.0385658 0.0287527 0 0 0.00606168 0 0.192826 0.165038 0 0.222616 0 0.0211064 0 0 0 0.0670537 0 0 0.135832 0 0 0.0232062 0.00681804 0 0.184458 0.0609242 0 0 0 0.0541925 0.100575 0.192973 0.0101459 0.0180282 0.102912 0.033665 0 0 0 0.0522604 0 0.0121745 0.184173 0 0.025441 0.0928582 0 0 0.228541 0 0.153153 0 0 0 0 0.0423167 0.0617234 0.075437 0 0 0 0.146288 0 0 0.0713573 0.0705993 0.126691 0 0 0 0 0 0.0277547 0 0 0 0
