Proyectos/DeforestationModel/output/vhi.asc
ncols         300
nrows         300
xllcorner     273000
yllcorner     9.548e+06
cellsize      30
NODATA_value  -9999
[rows 99 to 131 of 300, columns 219 to 291 of 300]
0.0139179 0.00787805 0 0.0122655 0.0025998 0 0 0 0.00111314 0 0.00503028 0.00302209 0.0235489 0.0122353 0 0.00812725 0.00953748 0 0.0198046 0.000737299 0.000550009 0.0179908 0 0.0109668 0 0.0165837 0 0.00600494 0 0.00756632 0 0.00776861 0.0113293 0 0 0.0185864 0.0176317 0.00708701 0.0111881 0.00506924 0.0230573 0 0.0117961 0.0243668 0.0267299 0.0189736 0.0195364 0.0453199 0.0423583 0.0383579 0.0234451 0.0256065 0.00194203 0 0 0.00887873 0 0.00265289 0.0167191 0.0194362 0.0289531 0 0.0046257 0.0011673 0 0 0.00516483 0.000384666 0.00979828 0.0078375 0 0.0124091 0.00994004
0 0 0.0148131 0 0.00559821 0.00878291 0.0153575 0.00624583 0.00906186 0 0 0 0.0101216 0.012057 0.00381064 0 0.000748221 0 0.00155683 0 0.00749927 0.00283439 0 0.00805703 0.0133749 0.0172796 0 0.00424414 0.00906074 0.00393402 0.0237338 0 0.0110248 0.00937747 0.0205175 0 0 0.00436338 0.0116773 0.0136298 0 0.0147574 0.0256842 0.0238789 0.0201654 0.0308684 0.0289412 0.023479 0.0465355 0.0488313 0.0367027 5.94091e-05 0.0144951 0 0 0 0.0179988 0 0.0112957 0.00855311 0.021113 0.0113503 0.00590288 0.000848213 0.0169159 0 0.00511483 0 0 0.00327022 0 0 0.00682097
0 0.00393271 0.0113226 0.00667363 0.0204103 0 0 0.00722168 0.00609323 0 0 0.00429787 0 0.0087369 0.0174951 0.0100212 0 0 0.013451 0.00269975 0 0 0.0184008 0 0.0142814 0 0.0125582 0 0 0.016007 0.00239658 0 0.000344004 0.0275073 0.00892255 0.00348942 0 0.0117921 0.0179858 0.0313527 0.0165985 0.0458791 0.0166291 0.0200364 0.00535765 0.0193718 0.0390372 0.0378173 0.0283172 0.0339284 0.0341213 0.03393 0.0123502 0.00833552 0.0113148 0 0.00752191 0 0.00429781 0 0.0117588 0.0252374 0.0110167 0.0111717 0.000959827 0.0115815 0 0 0.00428923 0 0 0.00384161 0
0 0 0 0 0 0 0.0096318 0.0158642 0.00367266 0 0.017607 0.0189316 0.00622341 0.00540167 0 0.0160874 0.0151924 0 0 0 0.00719987 0 0.000331756 0 0.00875661 0 0.0326725 0.00527471 0 0 0 0.00349076 0.00134642 0.0147709 0 0 0.0131082 0 0.00363735 0.00793447 0.0287366 0.00640022 0.0152659 0.0159922 0.0272352 0.0185527 0.032261 0.0106125 0.0416076 0.030337 0.0338602 0.0139241 0.0323399 0.00407887 0 0 0 0 0 0 0 0.0246289 0.00623288 0 0.0114535 0 0.00213412 0.00891584 0.000309366 0 0.0156501 0.00917989 0.00249533
0.0112512 0 0 0.00622524 0.00736767 0 0 0.0033371 0 0.00164339 0 0.00812552 0 0.00880877 0 0.0122186 0.0119412 0.0106365 0 0 0.00523023 0 0.0114209 0.0168397 0 0 0 0 0 0 0.000426222 0.00359647 0.00975357 0 0.0199933 0 0.00552946 0.000830385 0.0242346 0.0182951 0.015433 0.0247101 0.0169948 0.0321531 0.0193255 0.0112743 0.0514142 0.0386748 0.0248396 0.0289903 0.0186546 0.0301049 0.0335226 0.0125984 0.0187252 0.0244904 0.00410604 0 0.00512417 0 0 0 0 0 0.01441 0.010657 0.00982752 0.00351748 0 0.0129874 0 0.00527694 0.00461773
0.0112715 0 7.23799e-05 0.0119748 0.0211282 0 0 0.00305081 0.00617168 0 0 0 0 0.00377481 0 0.0112718 0 0 0 0 0.0146766 0.0236953 0.00895026 0.00677447 0 0.00994519 0 0 0.0185655 0 0.0107959 0.00776896 0 0.00589805 0 0.0187023 0.0123206 0 0.0160653 0 0.00781882 0 0.0091685 0.021794 0.0311267 0.0352808 0.0156712 0 0.0181487 0.0208579 0.0203855 0.0344224 0.0230643 0.024835 0.0174408 0.0236891 0 0 0 0.0141157 0 0 0.0297265 0.00334851 0 0.00763893 0.0183155 0 0.00732848 0.000824232 0.0153902 0.00184002 0
0.008989 0 0.0105588 0 0.0157017 0 0.00563378 0.00445175 0 0.00438756 0.00320966 0 0.0119745 0.00801311 0.00257143 0 0 0.0140554 0 0.0186197 0 0 0.0080799 0 0.00194657 0.0229562 0.0119896 0 2.16814e-05 0 0.0111668 0.00503856 0 0.00442589 0 0 0 0.00453092 0.013459 0 0.00330989 0.0133371 0.00853223 0.00610849 0.0167812 0.0210747 0.0307216 0.0179404 0.0121709 0.023296 0.0170225 0.0328167 0.0128858 0.00711445 0.0461131 0.0294344 0.0102245 0 0.0123962 0 0.0430019 0 0.00779051 0 0.0118407 0.0148101 0 0.0219414 0 0 0.0158518 0.0154858 0
0 0.00359524 0 0 0.0153822 0 0 0.00991803 0 0 0 0.00522218 0.00184104 0.00350839 0.00462977 0 0.00814585 0.00678379 0.00362069 0.00647169 0 0.000177054 0 0 0.0161048 0 0.0203282 0.0129576 0 0 0.00997424 0.0174258 0.00407278 0.00280101 0.0141296 0 0.0229416 0.0157454 0 0.00355875 0.02217 0 0.0119136 0.00963444 0.0213839 0.0249922 0.0307917 0.0249763 0.0206486 0.0268327 0.00318778 0.0151355 0.0116645 0.0267349 0.0266712 0.0180198 0.00714971 0 0 0.0314861 0 0.0165749 0 0 0.0137725 0.0223416 0.0178498 0 0 0 0.0141414 0.00734989 0
0.0178801 0.00241783 0.00804415 0.0106726 0 0.0110235 0.00623665 0 0 0.0112383 0 0.00538001 0 0.000807076 0.0146557 0.00240712 0 0 0 0 0 0.0167984 0.00459638 0 0.0211511 0 0.0179231 0 0.000566352 0.0260926 0.006467 0 0.0115779 0 0 0.00598085 0.004955 0.00948793 0.0199077 0.0321713 0.0102315 0.00960911 0.0190997 0.0174211 0.0278457 0.0226453 0.0177468 0.0142653 0.024808 0.0131055 0.0150299 0.00736636 0.0114501 0.0168406 0.0141654 0.028072 0.0112857 0.0395431 0 0 0 0 0 0.0261368 0 0 0.00509861 0 0.00191423 0 0 0.0120079 0.00265525
0.00731472 0.0248299 0 0 0 0 0.0081122 0 0 0 0.00389968 0 0 0 0 0.0145704 0.00811465 0.0019224 0.0209373 0.0117518 0.00640897 0 0 0 0.0169632 0 0.00986781 0 0.00621678 0.00152785 0.00506463 0.00220739 0.0127704 0 0 0.00639495 0.0103417 0.0135142 0 0.00930701 0.0198795 0.000737542 0.0243759 0.0314253 0 0.0196787 0.0179183 0.00502579 0.0197037 0 0.0236274 0.011164 0.0106222 0.0127734 0.00499404 0.0222353 0.0339509 0.0188258 0 0 0.00308338 0.0134696 0.0131197 0.0159635 0.018584 0.0193046 0.00112769 0 0 0.0121673 0 0 0
0.0136933 0 0.00274707 0 0 0.00922935 0 0 0.00523343 0 0.0109337 0 0 0.00930745 0 0.0080618 0 0.00632572 0 0 0 0 0 0.0198879 0 0.00531527 0 0 0.00973483 0.000202732 0 0 0.00785452 0.00530296 0 0.00726393 0 0 0.022514 0 0.0146885 0.00835325 0.0417247 0.0249274 0.00447532 0.0142856 0.0123576 0.0200097 0.00156703 0.00655102 0.0164936 0.015948 0.004959 0 0.00786638 0.032695 0.0327517 0.0120987 0.00607546 0 0 0.0253347 0 0 0 0.00186797 0 0.00352273 0 0 0 0 0
0 0.0210781 0 0.0131678 0 0 0 0 0 0.0249789 0 0 0.0123343 0.0109282 0 0 0 0.00253488 0.00241644 0.0077162 0.0221341 0.000840008 0.0031301 0.00218643 0.0047272 0.010847 0.000994534 0.023749 0 0.00874848 0.00637747 0.00131647 0 0 0.00782528 0.00258424 0 0 0.00422537 0.00813946 0.00545529 0 0 0.0092912 0.0140756 0.0110776 0.00816595 0.0124859 0.00721566 0 0.00468814 0 0 0.012506 0.0215734 0.0190153 0.0183654 0.0110534 0.0270836 0.0285727 0.0192659 0 0 0 0 0.0259543 0.014676 0 0 0.0120249 0 0.0147128 0.00377299
0.000160929 0.000145814 0 0 0.0176013 0.00871461 0 0.00193014 0 0.00576887 0.0154348 0.00322876 0 0 0 0 0 0 0 0 0.0157733 0 0 0 0 0 0.0111779 0.00262046 0 0 0.0013229 0.0031034 0.00546542 0.0130256 0.00636771 0 0 0.0151874 0.0206488 0 0 0.0296615 0.00630943 0.0143415 0.0129279 0.00975051 0.00949453 0.0165408 0.00535658 0.00605124 0 0.00471672 0.0252599 0.0115402 0.0107732 0 0.0219854 0.0135536 0 0.0165329 0 0 0 0 0 0.00404831 0.000373367 0.00795319 0.0095554 0 0 0.0177159 0.00393727
0 0.0115123 0.013529 0.00288137 0 0.00762285 0 0.00893303 0.0105787 0 0 0.0255197 0 0.00304026 0.00328178 0 0 0.00620316 0 0.0111637 0 0 0 0 0 0 0.0240489 0.00749579 0.0125173 0.00498103 0 0 0 0.018103 0 0 0.0141156 0 0.000521356 0.00993325 0.0019992 0.00181275 0.0169736 0 0.0135268 0 0 0.00645816 0.00801517 0 0 0.0167449 0 0.00731114 0.0081124 0 0.013804 0.0081085 0.00285494 0.0161948 0.0117288 0 0 0 0 0.00555971 0.00393311 0.0263212 0 0.0155889 0 0.0134546 0.00987081
0 0 0.00748721 0 0.0101262 0 0 0 0 0.00139984 0 0 0.0133082 0.0151912 0.0069456 0.0106545 0.00733433 0.0137822 0 0 0 0 0.00701074 0.0160467 0.00692553 0.0069585 0 0.00784113 0.000333771 0.00472709 0 0 0 0.0205828 0.00195854 0.00742433 0 0.013188 0.0115173 0 0.00972187 0.00719066 0 0.0144121 0 0 0.0209576 0.0217017 0.00501217 0 0 0 0 0 0.00924757 0.000341175 0.000479844 0.011379 0 0.0133616 0 0 0 0.0156859 0.0105336 0.0038091 0 0.00433834 0.00178433 0 0.00188621 0 0.0110054
0.00530522 0.00935142 0.0146348 0.00716062 0.000936964 0 0.00243743 0 0.00735556 0 0.00135489 0.00204753 0 0 0 0.00603205 0 0 0 0 0.000452525 0 0.0119617 0.00708029 0 0 0 0 0 0 0 0.010631 0.0135922 0 0 0 0 0 0.00896861 0 0.00278053 0.00832166 0 0.00520073 0 0 0 0.00471689 0.0053828 0 0 0 0 0 0 0 0.00210858 0 0 0.0109461 0.0132975 0 0.00632823 0.00130132 0 0 0 0.00854843 0.0186086 0 0 0.00886697 0.00492979
0 0 0.0296413 0.017044 0.00452507 0.00747219 0.00666578 0.0135109 0.0100274 0.00390569 0.0205671 0.0196206 0 0.00585615 0.0183492 0 0.002371 0 0.0117195 0.00045924 0.00137488 0 0.0190743 0 0 0 0 0 0 0.00912139 0.00865224 0 0.00644487 0.00866964 0.00815286 0 0.00752497 0 0 0 0.000545198 0 0.00723439 0.00148708 0 0.0124653 0.00134958 0 0 0.00483454 0 0.00076466 0.00632287 0 0.00953478 0 0.002919 0.00664357 0.00435642 0.000201762 0.00088812 0.00186952 0.00438422 0 0 0.00143459 0 0 0.027757 0.000876847 0 0 0.00113922
0.0112658 0.00885692 0.0120584 0.0140865 0.00928341 0.00956779 0.0174682 0 0.0097738 0.00631046 0.00172997 0 0 0 0.00722392 0 0 0.0109954 0 0.00197297 0.0148638 0.0042082 0 0.0045966 0.00167317 0.00939382 0 0 0.00613135 0.00761837 0 0.00617604 0 0.0149035 0.000949108 0 0 0.0102708 0 0.00979036 0.000842106 0.000705818 0 0.0116942 0.00205537 0.00268449 0.0206368 0.00310088 0 0 0.00693228 0 0.00790467 0.00635521 0 0.0039891 0.000358352 0.00217424 0.00573848 0.00392606 0 0 0.0186105 0 0 0.00708715 0 0.00484335 0 0.0108989 0.0182562 0.00543605 0.0044699
0 0.0166452 0 0 0 0 0.00686699 0.0113987 0 0 0 0.00974809 0.0138691 0 0 0 0.00777441 0 0 0.0330993 0.0167361 0 0.00851514 0.00745532 0 0 0.00612096 0 0.00153563 0 0.0109835 0 0 0 0.0056546 0 0 0 0 0.00963937 0.00364422 0 0 0 0.000520431 0 0.00049307 0.00386179 0.00733941 0.000710965 0 0.00137936 0 0.00767308 0 0 0 0.00116104 0 0.0236933 0 0 0.00316887 0.00976437 0.0139379 0.00738983 0.015852 0 0.00892588 0 0.0167548 0.00162622 0.000456185
0.00143983 0 0 0 0.00563564 0.0241648 0.00421505 0 0.0231931 0.00560705 0 0 0 0 0 0 0 0.00264843 0 0.00200941 0.0108827 0 0.0103191 0.00142063 0.00420455 0 0 0.00381682 0.014423 0 0 0 0 0.00877901 0.0152017 0 0.0205814 0 0.000911078 0 0 0.00300619 0 0.00740291 0.00331766 0 0.0043674 0 0 0.00288854 0.013529 0.0150139 0.00498224 0.0153316 0.000689104 0 0.0129437 0 0.00719481 0.00558254 0.000979289 0 0.00391833 0.00160149 0.0179534 0 0 0.0228409 0.0123076 0.029589 0.00641301 0.00437829 0.0145618
0.000291646 0 0 0 0.0102583 0.0124959 0.0120952 0.011747 0 0.0146383 0 0 0 0.000376768 0.0111213 0.00969438 0 0 0 0.0217924 0 0 0.0124869 0 0.00484144 0 0 0.00751671 0 0.0232126 0 0.0063473 0 0.00807792 0.0115527 0.019393 0 0.00346633 0.00654336 0.00283061 0 0 0.00344029 0.0150065 0 0 0.00726119 0 0.0109225 0 0 0 0.00911746 0.00795868 0 0.0133196 0.00822461 0 0 0 0.013259 0.0116523 0 0 0.0128094 0 0 0 0 0 0 0.000172171 0.0165635
0 0 0.00119745 0 0.0124645 0 0.000327821 0 0.00816233 0.0084227 0 0.0042338 0.00684024 0 0.000578231 0 0.0248574 0.0166166 0 0.0103264 0.00157887 0.00443353 0.0104765 0 0.00510381 0.0155983 0.00490288 0 0.0213624 0 0.000882639 0 0 0 0.00211396 0 0.00144919 0.00954121 0 0.0133313 0 0.00657798 0 0.000945977 0 0 0.000883918 0 0.00360057 0.01156 0.0115963 0 0 0 0 0.0110222 0 0.00202655 0 0.00134487 0 0.00193618 0 5.69896e-05 0 0 0 0 0 0.00273073 0.00106027 0 0
0.0161614 0.00200873 0 0.010885 0 0 0.00368451 0.0210063 0.00251083 0.00172084 0 0.0133361 0.0106997 0.0246463 0.0170277 0 0 0 0 0.0158889 0 0 0.00673223 0 0.0136075 0 0.00817429 0 0 0.010103 0 0 0 0.00318229 0.00267681 0 0.00171305 0 3.15461e-05 0 0 0 0.0121356 0 0.00621297 0.00146915 0 0.00791584 0 0 0.00522887 0 0.0107932 0 0.0107975 0.00535844 0.00469787 0.000739727 0 0 0.00304833 0 0 0 0 0.00236158 0.00344637 0 0.00342101 0.00381076 0.000892081 0.00330827 0.00338504
0 0.000712327 0 0 0 0 0 0.00522904 0.00462257 0 0 0 0.0102292 0 0 0 0 0.0105257 0 0.011472 0.00359565 0 0 0.0108482 0.00495108 0 0.0154272 0 0.00262644 0.0052335 0 0 0 0 0.0178579 0 0 0 0.0134446 0.00897298 0 0 0.0165872 0.0120052 0.0173682 0 0.00333603 0 0 0 0 0.00382796 0 0.0125973 0.00138529 0.00425675 0 0.0097972 0 0.000765851 0.0109605 0 0.00406311 0.00201076 0.00570455 0 0 0.0112383 0 0.00363869 0 0.0101629 0
0.00188973 0 0.0254456 0 0 0.0174181 0.0191769 0 0 0.00783354 6.01237e-06 0.00418653 0.00823483 0 0.00461071 0.0160119 0.0123329 0.0211071 0.00590583 0.00235924 0 0.0106292 0 0 0.00917807 0 0.00530415 0 0.00889455 5.19557e-05 0.00227756 0.00457476 0.012185 0.0112488 0.00865705 0.00436926 0.0166713 0 0 0.00979674 0 0 0.0095312 0.0120214 0.00271503 0.016968 0 0.00867135 0 0.0060129 0 0 0 0 0.0154393 0.0124778 0 0.00194594 0.0235631 0.000951417 0.00390788 0 0 0.0146059 0.00138937 0 0.00219976 0 0.00160766 0 0 0.0197963 0
0 0.000142914 0 0.031855 0 0.0125753 0 0.011302 0.00377895 0.010954 0.00314309 0 0.0203757 0 0.0034159 0 0.0178186 0 0.00279592 0.00110204 0 0.00820915 0 0.000276669 0 0 0 0 0 0.0131748 0.00519803 0 0 0.00731531 0 0 0.0175902 0 0 0.00439819 0.00327888 0.0061715 0.000883447 0.000249326 0.00792923 0 0 0.00237477 0.00315352 0 0.00277038 0.020572 0.0017936 0 0 0 0.0129417 0 0 0.0102405 0 0.00371645 0 0.000299753 0.0219727 0 0.00527673 0.00209953 0 0.00105771 0 0.00562308 0
0.00813555 0 0.00452347 0 0 0 0 0.001449 0.00267859 0 0 0 0.000642281 0.00311152 0.00688502 0 0.0021272 0 0.0153139 0 0 0.0318069 0 0 0 0 0 0 0.00580972 0 0 0 0 0.00968827 0.00300775 0 0 0.00761063 0.00102988 0 0.0107878 0.0109004 0.0151491 0 0 0.00900464 0.00284203 9.82571e-05 0 0 0.000559499 0 0 0.00355681 3.4819e-05 0.0108876 0.0057468 0.0058803 0 0 0.00789793 0.00694666 0.00235119 0.00163862 0.00376578 0 0 0.0149148 0.00214912 0 0.00231735 0 0.0119178
0 0.0010948 0 0 0 0.0153656 0 0.0138237 0.00145796 0.0125962 0 0 0.00857851 0.00852379 0.00397834 0.00925629 0 0 0.0203153 0 0 0 0.0278389 0.000617207 0.0115929 0 0.0154468 0.00924984 0 0 0 0.00602012 0 0.0015577 0 0.00389332 0.0114394 0 0 0 0 0.00733234 0 0 0 0 0 0 0.00257862 0.00638494 0 0 0.00654309 0.0246652 0 0.00110129 0 0.00450624 0 0 0.00774563 0.00271385 0.00766503 0.0114706 0.0123151 0 0 0.00614898 0.0192937 0.0309956 0.00530519 0.00710317 0.00114752
0 0.00549242 0 0 0.0105447 0 0 0 0 0 0 0.00468487 0 0.00811288 0.00535555 0 0 0.00623465 0.00225699 0.00772828 0.0124918 0.00604181 0 0.0101596 0 0 0 0 0 0 0.00179154 0 0.00447101 0.00620371 0.0180955 0.00464781 0 0 0 0.00386667 0.0124349 0 0.012451 0 0.00541077 0.0153869 0 0.010205 0 0 0.00164973 0.00893169 0 0.00405035 0 0.00879363 0 0 0 0.0160196 0 0.00727013 0 0 0 0.00384311 0.00118493 0 0.0146211 0 4.5425e-06 0 0
0.00815125 0 0 0.00219013 0.000313822 0.00277022 0.00181456 0.0018223 0 0.00104234 0 0.00709622 0 0 0.0129208 0 0 0 0.00659026 0 0 0.00948592 0 0.0140998 0 0.00413006 0.00794661 0 0 0.00388327 0 0.00297097 0 0 0.00577868 0 0 0 0 0.0126151 0 0.00858293 0.0139779 0.00642538 0.00809056 0.00723263 0 0 0 0 0.00541943 0.00402544 0.0091021 0.0102979 0.00478784 0 0.0117612 0.0102916 0.0209642 0.0106947 0 0.00378795 0 0 0.0053594 0.00885774 0 0 0 0.00263712 0 0.00189049 0.0129571
0 0 0.00309342 0 0 0 0.0136284 0.00511332 0 0 0 0.00222106 0.014005 0 0 0.0065865 0 0.0194071 0.00299169 0 0 0 0 0 0.00284903 0.0096984 0 0 0 0 0 0.00919195 0.00852569 0 0.0137442 0 0 0 0.0141288 0 0.00299247 0.00538587 0.00846347 0 0 0 0 0 0.00676303 0.0121576 0.0106867 0.00501621 0 0.0137951 0.00470276 0.00226857 0 0.00272653 0 0.00906527 0 0.00467021 0 0.00191928 0.00312474 0.00781586 0 0.00429577 0.0108685 0 0 0.0129188 0
0.011586 0 0.00142531 0.0141944 0.0267772 0 0.0139204 0 0.00368418 0 0 0 0 0.0116865 0.00732154 0 0 0 0.0326774 0.0149824 0 0 0.00229565 0 0.0232153 0.00107046 0 0 0.00685369 0 0.00232914 0.0161694 0 0 0.00573515 0.0141901 0.00248793 0 0.00429167 0 9.56628e-05 0 0 0.0133791 0 0 0.00234208 0.00267445 0.000556017 0.0228929 0 0.00130214 0 0 0.0125378 0 0 0 0.00203414 0 0.00054905 0.0126326 0.00386236 0.00858906 0.0144842 0 0.00490061 0 0 0 0.0010266 0.0188765 0
0.0151754 0 0.00405975 0 0.0230894 0 0.00153496 0 0.0199761 0.0382283 0.00154512 0.0075639 0 0 0.0049324 0 0.00541692 0 0 0.00609736 0 0 0 0 0.000677127 0 0 0 0.00950006 0 0.0172427 0 0.00261204 0 0 0 0 0.0110863 0.00443788 0 0.00399259 0 0.000407933 0.00925875 0.0011545 0 0 0 0 0 0 0.00693109 0 0 0 0 0 0 0 0.0215641 0.00427352 0 0 0.016629 0 0 0 0.00275911 0 0.00218684 0.00369892 0.00337023 0.00675566
