Proyectos/DeforestationModel/output/vhi.asc
ncols         300
nrows         300
xllcorner     273000
yllcorner     9.548e+06
cellsize      30
NODATA_value  -9999
[rows 264 to 296 of 300, columns 146 to 218 of 300]
0 0 0 0 0 0.00647362 0 0 0.0150874 0.004931 0 0 0 0.00203191 0.00495099 0.00350739 0 0.000473644 0 0 0 0.000590315 0.00823131 0.0032994 0.00497657 0.00331367 0.0067513 0 0.00350889 0.0121395 0.0194179 0.00396776 0.00195971 0.00227942 0 0 0 0.0135011 0.00182695 0.00950984 0 0.00481985 0.0191494 0 0.0023951 0 0 0.00103803 0.013478 0.00283555 0.00577407 0.00245639 0.0103507 0.000628685 0.00682126 0.010678 0.0158559 0.00566458 0.00830867 0.00132511 0.00261153 0 0.0141593 0.0143166 0.00542475 0.00434102 0.0104869 0 0.00890202 0.000775307 0.00827016 0.00622012 0.0163397
0 0 0 0 0 0.00940772 0 0 0 0.001319 0.00314552 0.00766096 0 0 0 0.00652804 0.00819014 0 0 0 0 0 0.0147275 0.000284454 0 0 0.0107543 0 0.00138002 0.0142114 0.00286231 0.00448114 0 0.00974321 0.00810408 0.00309692 0.00932237 0 0 0 0.00890692 0.00680792 0 0 0 0 0 0 0.000763968 0 0.0139857 0 0.000616421 0 0.0130415 0 0 0.0075531 0.0052305 0.0045317 0 0.00796476 0 0 0.0164829 0 0.00642696 0 0 0.00387504 0 0.00510178 0.000600923
0 0.00840643 0.0073421 0.0064101 0 0 0 0.000795375 0.00168893 0.0185483 0 0.00122925 0 0.028656 0.0152707 0.00130508 0 0 0.0197303 0 0.00884443 0.00773493 0 0 0 0 0 0 0.0099921 0 0.00294816 0 0.0103575 0 0.00419017 0.00221151 0 0 0.0217721 0 0.00842634 0.00613353 0.0153549 0.00087463 0.00645611 0 0.00267061 0.00238256 0 0.00269978 0.00764143 0 0 0.0045556 0.0144679 0 0 0.012403 0 0.00573528 0 0.000728397 0 0.00595672 0 0.0193058 0.00758216 0 0.000434214 0 0 0 0
0.00237892 0 0 0.00100409 0 0 0.00535285 0.0140263 0 0.00968322 0.00639245 0 0 0.00584033 0 0 0.0141067 0.000515653 0 0.00670829 0.00900814 0.00643427 0 0 0.00466296 0 0.004816 0 0.00476571 0.0161075 0.0170471 0.00817775 0.0126534 0.0169612 0.00639724 0.00391413 0.0212969 0 0.00336274 0.0106824 0.00280069 0 0 0 0.0125365 0.00202026 0 0.00841723 0 0.0099417 0.00950512 0 0 0.00586318 0 0.0116309 0.000613898 0 0 0 0 0 0.00363941 0 0.00280454 0.00351445 0 0 0.0110798 0 0.00766382 0.00385367 0.015149
0.00937933 0.0123856 0.00753497 0 0 0 0 0 0 0 0.0113118 0.0111801 0.00416218 0.011835 0.00271198 0.00586629 0.00939247 0 0 0 0.0325393 0 0 0 0 0.00707343 0.00407639 0.0257346 0 0 0 0.0130742 0 0 0.000594543 0.0108073 0 0.00657967 0.0141721 0.00949924 0 0 0.00804483 0 0 0 0.00700237 0 0 0.00950925 0.00791385 0.00370336 0.0204831 0 0 0.00321261 0 0 0 0.00940382 0 0.000465928 0.00253318 0.00493532 0 0 0.0021233 0.00953176 0.01193 0 0 0.00836251 0.0103185
0.0058916 0.00103358 0.0296744 0.00312526 0 0 0 0.00155037 0 0 0.00103527 0 0 0 0 0 0.00768451 0.0136388 0.0238262 0 0.0199404 0 0.00295512 0 0 0.00288102 0.00403568 0.0092217 0.0176387 0 0.00171121 0.0169364 0.00913622 0.00599915 0 0.00574049 0.00746367 0 0.0076788 0 0.00531513 0 0.00373179 0.00637627 0.0160978 0 0.00499283 0 0 0.0125708 0 0 0 0.00368946 0.0165781 0 0 0.00937942 0.00832297 0 0.0102766 0.0173247 0.0165207 0.00154032 0.00404311 0.0111842 0 0 0 8.37054e-05 0 0.00196503 0.0143883
0 0 0.015245 0 0.00889532 0 0 0 0.00813546 0 0.000127937 0.00131517 0.00873491 0.0119045 0.0136585 0 0.00150843 0 0 0 0 0 0.0227485 0 0 0 0 0.0236212 0 0.00347126 4.96508e-05 0.0195668 0.0118581 0.000404078 0 0.0134181 0.0123778 0 0.000872161 0 0.000579346 0 0.0134752 0 0.0102859 0.000704553 0.00218151 0 0 0 0.0054423 0.000400457 0 0 0.00230472 0 0 0.00397509 0 0 0 0 0.0059924 0 0.0094514 0 0 0.00770575 0.0078184 0 0 0 0.00211517
0 0 0 0 0.00770871 0 0.00343566 0.00589636 0 0 0.00381114 0 0 0.00541822 0 0.0182141 0.00177006 0 0.00707675 0 0 0.0122319 0 0 0 0.00280985 0 0.00296984 0.00348562 0.00977358 0 0 0 0.00631724 0 0.0121803 0.00331105 0.00241451 0 0.00417035 0.0195925 0 0 0.000541967 0.012117 0 0 0.0110158 0.000666386 0.00393742 0 0.0061868 0 0.00970266 0 0 0.0177836 0 0.00329951 0.000645225 0.0178003 0.0089803 0.00166976 0.0100832 0 0 0 0.00723913 0.0059714 0.000483293 0 0 0.00463769
0 0.00827855 0.0115159 0.00584886 0 0.000805567 0 0 0 0.00220088 0.0026763 0.000902935 0.0110594 0.0106262 0.00794471 0.00537913 0.00859763 0.0110787 0.00134498 0 0 0 0.00474796 0.0104746 0.00287117 0.00998864 0 0 0.00734425 0.000699961 0.00652587 0 0.0165575 0 0 0.0047495 0.00346121 0.00961756 0 0.00772464 0.0123049 0 0.00498629 0.00502621 0.00231107 0.00411188 0 0.0141976 0.00609008 0 0 0 0 0 0 0 0.00384483 0 0.0125655 0 0 0 0.00457875 0.00181012 0 0 0.00957342 0 0.0119772 0 0 0 0
0.00256546 0.0166849 0 0.00486483 0.0181697 0.00997485 0.0169378 0 0.00679959 0.00824073 0.00148115 0.0140241 0.00832779 0.0273775 0.00284992 0 0 0 0.000123115 0 0 0.00741976 0.00817898 0.0158406 0 0.010459 0 0 0 0 0.00114846 0 0 0.00301014 0.0157377 0.018186 0.0154327 0.00577286 0.00599951 0 0.00411903 0 0.00468267 0 0 0 0 0.0064577 0 0.0157772 0.00462538 0.0149885 0.00825181 0 0.0104865 0 0.0163067 0.0166794 0.00269856 0.000584795 0.0110196 0 0 0.000328279 0 0 0.00797469 0 0.00914698 0 0 0.0153504 0.000212896
0.0169319 0 0 0 0.0173817 0 0.0105138 0 0 0 0 0.00249681 0 0 0.00104835 0 0.00447538 0 0 0.0237124 0 0 0.0121895 0 0 0.00404741 0 0.00415608 0.016104 0 0 0 0 0 0 1.4903e-05 0 0.00911633 0 0.00861447 0.0124213 0.00321391 0.00866751 0 0 0.00407456 0 0 0 0 0.00244353 0 0.0014504 0.0185868 0.0115014 0 0.0059086 0 0 0 0.0135163 0.00978839 0 0 0 0.00221921 0.0113667 0 0 0.00139379 0 0.0134961 0.0173204
0.00966081 0 0 0.00180547 0 0.00717366 0.00170051 0 0.0202474 0 0.00515716 0.00557355 0 0 0.0130711 0 0 0 0.00528722 0.00468817 0.0020596 0 0.00301077 0.00518 0.000361125 0.00677445 0.018642 0 0 0 0.00530062 0.00187757 0.0044365 0 0.00973492 0 0.0016784 0.0200325 0 0.013586 0.000281273 0 0 0 0 0.00779758 0 0 0.0157226 0.00740884 0 0.013058 4.60256e-05 0.00379502 0 0.0161852 0.000855848 0.00986058 0 0.0174301 0.00764137 0.0103361 0 0 0.00442283 0.00161655 0.00057568 0.0007062 0 0 0 0 0
0 0 0 0.00941454 0 0 0 0 0.00244235 0 0 0 0.0108196 0 0 0.0135872 0.0104622 0.0184104 0.00669793 0.0133262 0 0 0 0 0.00365657 0 0.0274946 0.00140777 0 0.00526315 0.00218737 0.0019939 0 0.00732592 0 0 0 0.00294504 0 0.0119187 0 0.00127865 0.00730628 0.00126486 0.00255824 0 0 0.0152315 0 0 0.0112901 0 0 0 0.0014654 0.00547839 0 0 0 0.0170104 0 0.00375216 0 0 0.00181203 0 0 0.000726512 0.00173048 0 0 0 0.0165242
0.0165994 0.0119047 0.00418342 0.0105106 0.0193584 0 0 0.0136658 0 0 0 0 0 0 0 0.00470907 0 0.00443836 0 0.00422759 0 0.00385402 0 0.00807163 0.013644 0.0146088 0 0.00389177 0.00220634 0 0.010362 0.0117257 0.00282658 0.00468337 0.0159473 0 0.0138537 0 0.0020046 0 0 0.000643137 0 0 0 0.00825215 0.00734418 0 0 0.0140149 0.0123866 0.00358861 0.0104011 0.00476549 0.00319173 0.0109033 0.000840148 0 0 0 0 0.0101456 0 0.000804386 0 0 0 0.00123166 0 0.000709065 0 0.00316832 0
0 0 0 0.00680125 0 0.00668316 0.00656861 0 0.0111686 0.0153868 0 0 0 0.00474286 0.0217161 0.0235814 0 0 0.0154692 0 0.00345402 0 0.0103333 0.0123507 0.00395572 0.00488458 0 0.0168409 0.000840247 0 0.00429391 0.00489181 0.00903641 0 0 0.012654 0.0043309 0.00143214 0.00759035 0 0.000612321 0 0 0.00200891 0 0 0.0106971 0.00866555 0.0126858 0 0.00434916 0 0.00498479 0.0024257 0.00911858 0.00415973 0 0.0110375 0.0157464 0.00835868 0.0131172 0 0.0154646 0.0162412 0 0.00246863 0.0043408 0 0 0 0 0 0
0 0 0.0111135 0 0.00641036 0 0 0.0141787 0.0106396 0.00195399 0 0.00896866 0 0.00206399 0 0.0102093 0 0 0 0 0.007694 0 0 0.00400605 0 0.0102931 0.00392893 0 0.00343006 0.0019148 0.00194612 0 0.0295809 0 0.00552583 0.015655 0.0296259 0.00701884 0.00148317 0.0131763 0.00281233 0.01004 0.000556892 0 0 0.00275666 0 0.00804205 0 0 0 0 0 0.0113292 0 0 0 0 0.00462918 0.0302644 0 0 0.000976668 0 0.00919336 0.00746965 0.0174844 0.00119787 0.0145515 0.00397879 0 0.0128753 0.0170062
0 0 0 0.00424112 0.00136531 0.00287402 0.00474677 0 0.00978807 0.00104604 0.0195563 0.00845993 0.0103655 0.0026465 0.00041401 0.00263072 0.00744378 0 0.00383757 0 0.0128779 0.00645891 0.012288 0 0 0.00560024 0.000694132 0 0 0 0.0127916 0.0164656 0 0 0.000883847 0.0083495 2.80794e-05 0 0 0 0.0123686 0.00435751 0 0.000127426 0.000824017 0 0.00505943 0 0 0.00900645 0.00126448 0.0102173 0 0.00204754 0.00953802 0 0 0 0 0 0.0150389 0 0 0.00110406 0 0 0.00134372 0.0264554 0 0 0 0.0143182 0.0148617
0 0 0 0.00391579 0.00865496 0.0240834 0.00511756 0 0.0215819 0 0.00509064 0 0 0 0 0.007427 0 0 0 0.00715073 0 0 0 0 0 0.00170171 0.00231395 0.00902799 0 0.000830519 0 0 0 0.00861193 0 0 0 0.0112329 0.0127746 0 0.0102694 0.0126525 0.0118358 0.00506701 0 3.18592e-05 0.00957726 0 0 0.00831506 0.0083678 0 0 0.0131757 0.00909341 0 0 0.00289887 0 0.00473674 0 0 0.00348911 0 0 0.00179776 0 0.00572086 0.00611528 0 0.00429638 0.00292909 0.00159448
0 0.000512438 0 0.00361546 0 0 0.0104823 0 0 0.00502601 0.0045083 0.0105024 0.0047513 0.0023783 0.0165242 0 0.00204132 0 0 0.00800964 0.00110345 0.00249657 0.000780742 0.0159519 0 0 0 0.000402191 0.0220179 0.0197092 0.00357071 0.0106402 0 0.00456517 0.00439587 0.00934426 0 0.0197746 0.004891 0 0 0 0 0.00686561 0.0187674 0.0155188 0 0 0 0 0 0.0131366 0.00949479 0 0.0029498 0.00889633 0 0 0 0 0.00232978 0.0104271 0 0.0047266 0 0.013147 0 0 0 0.00185861 0 0 0
0 0 0 0.00272774 0.00961951 0 0 0.0296942 0 0.0053222 0.00950558 0 0 0 0 0 0 0.002462 0.0150828 0.00565203 0.00803824 0 0 0.0125523 0.0108562 0.0196943 0 0.0096715 0 0.00666869 0 0.00306064 0 0 0 0.0222494 0 0.0144518 0.0091809 0 0.00969071 0.0099808 0 0 0 0.00150649 0 0.00928378 0.00127443 0.0145982 0 0 0 0 0 0 0 0 0 0 0 0.000339721 0.00215742 0 0 0 0.0294631 0 0 0.00588641 0.00760977 0 0
0.00651127 0 0 0.00533894 0.00801153 0 0.00810984 0.0257985 0 0.00882955 0 0.00821888 0.0133251 0 0.0144339 0 0.00269747 0.00641648 0.00220919 0.0115097 0 0.00527214 0 0 0.0118258 0.00447506 0 0.00517406 0 0 0.00718833 0.00659372 0.00507676 0.0114012 0 0 0.000679609 0.000809412 0 0.00263925 0.00720175 0.0165461 0.00567463 0 0 0.00193247 0.00476809 0 0.0154127 0 0 0.000230272 0 0.00573001 0 0 0 0.00630304 0.00168469 0.0126207 0.00706872 0.00147469 0.0146331 0 0 0 0 0 0.00305393 0.0113128 0 0.00842873 0
0 0 0 0.00619531 0 0.0114131 0 0 0.00260347 0 0 0.00457099 0 0 0 0.0118101 0.00562205 0.00817609 0.0062849 0.012189 0.0298439 0 0.0129914 0 0 0.00691804 0 0.00675719 0.0388745 0.00322532 0 0 0.0117425 0 0.00797181 0 0.00160116 0.00646086 0 0.0050464 0 0.0139704 0.0239597 0.00309925 0.00179573 0.0103188 0 0.00940853 0 0.00345973 0 0.0155594 0 0 0 0 0 0 0 0.000382699 0 0.00413681 0 0.00156249 0.00905907 0 0 0 0.00538463 0.01433 0 0 0.00595415
0.0129663 0.00710188 0.00166611 0.0274822 0.00237 0 0.00371341 0.00517592 0 0 0 0.0198523 0 0.0100228 0 0 0 0.00510205 0.0100404 0 0 0 0.00335119 0 0.00434661 0 0 0.00983366 0.00414166 0 0.00718389 0 0 0.0111402 0.00959031 0 0 0 0 0 0 0 0 0 0.0192075 0.00658735 0 0 0.00677056 0.00054654 0 0 0 0.000596505 0.00758018 0.0111511 0.0170763 0 0.00657221 0.0232301 0 0.0076382 0 0 0 0 0 0.0160136 0.00496619 0.0144027 0.00782833 0.0164452 0
0 8.10822e-05 0 0 0 0 0.00196809 0.0011287 0 0.000805551 0 0.00550387 0.00304461 0 0.00651865 0 0.00932424 0.00919336 0.00674345 0.00208886 0 0.00201147 0 0.00675556 0 0 0.00720981 0.00196996 0 0.00325649 0.0144704 0 0 0 0 0.00589027 0 0 0 0.00213485 0.0125952 0 0.0113724 0.0140812 0 0.00259163 0 0.00875256 6.87762e-05 0.0107351 0.00266944 0.0198663 0.00352194 0.0203425 0.0117474 0.00815339 0 0.00722396 0.00716195 0.00412747 0.0061725 0.000113386 0.00501687 0.0150327 0.00647796 0.000470331 0 0 0.0194939 0.00720035 0 0.00848653 0.0159481
0 0.00890508 0 0.00552597 0.00623599 0 0 0.0110068 0.00401877 0.00795767 0 0.00497474 0.00316875 0.0075037 0.000300851 0.000522827 0 0 0 0 0.00105468 0 0.0226517 0.0066286 0 0 0 0 0 0.0125684 0.0137248 0.00545701 0 0.00363127 0 0 0 0.00608002 0 0 0 0.0151768 0 0 0.0256943 0.00619908 0 0 0 0 0 0.000308625 0.0263822 0.00817715 0.0109408 0 0.0230837 0 0.0230609 0.000880992 0 0 0 0 0 0 0.00773536 0 0.00158183 0 0 0 0
0.00588774 0 0 0.00471606 0.0111304 0.0237466 0 0.00582371 0 0 0.00411825 0 0 0 0 0 0.0015441 0.0116816 0 0 0.0113677 0.00215647 0.00540808 0.00827702 0 0.00667397 0 0.00310718 0.00500359 0.017151 0.00743287 0.00385984 0.00776572 0.0125602 0 0 0.00644152 0 0 0 0.000468251 0 0.0112631 0 0.0075775 0.00512553 0.00564553 0.0087191 0.00836166 0 0.0139522 0 0 0.0126523 0 0.00921237 0 0.00927653 0 0.0182318 0 0 0 0.0122219 0.00786649 0 0.0154641 0.0215078 0 0 0.00435608 0 0
0.00593443 0.0049218 0 0 0 0 0.00739811 0 0.0047928 0 0.00964976 0 0 0 0.00494969 0.0173553 0.0104997 0 0.00793863 0 0 0 0.00715446 0 0 0 0.0106373 0.0141035 0.00529477 0.00421605 0 0 0.00241454 0 0.010846 0.00326563 0.00251671 0.00444 0 0.0236144 0 0 0 0.0113792 0.000637279 0.00513704 0.00661849 0 0.00137102 0.00950014 0.00761483 0 0.00400244 0 0.00603781 0 0 0 0 0.0173536 0.0128141 0.0216386 0 0.0180246 0.00538732 0.00197261 0 0 0.0115698 0.0169389 0 0 0
0 0 0.0219988 0 0.00820958 0.0133154 0 0 0 0 0 0.0168313 0 0.0110889 0 0 0 0 0.0103965 0.0137076 0.00509717 0.000391686 0.0114304 0 0 0 0 0.00508067 0.0156888 0 0 0 0 0.00172808 0.00117487 0 0.00764847 0 0.00128572 0 0.0205302 0.00431667 0 0 0.00760547 0.00444353 0.00206811 0.00155011 0.00138703 0.0102796 0.0158359 0 0 0 0.00540975 0.00158318 0 0.0144114 0.00261081 0 0.00806949 0.00623099 0 0 0.007768 0 0 0.0139079 0 0 0 0.0106219 0.00776769
0 0 0.00214372 0.0151716 0 0.00969089 0.0105863 0 0.017666 0.00226802 0.00971434 0.0191255 0.00896653 0 0 0.0158773 0 0.0131326 0.00950905 0 0.0122179 0 0 0 0 0 0 0 0.00289382 0 0.0253112 0 0 0 0 0 0.000396151 0.0109372 0.00182874 0.00918609 0.0107556 0 0 0.00105506 0.0142417 0.00424128 0 0.00566028 0 0.00475798 0.00424835 0.00258895 0.000757523 0 0 0.00213151 0.017006 0.00469206 0 0 0.0285973 0 0.0174638 0 0.00442317 0.00860052 0 0 0 0 0.000562764 0.0165794 0.00445271
0.00483917 0 0 0 0.00449403 0 0.00504201 0.0194799 0.0220879 0 0 0.0160685 0.000244767 0.00817992 0.00964684 0.00174064 0.00586108 0 0.000121018 0 0 0 0 0.00345923 0.00378995 0 0.0024313 0 0 0 0 0 0.0048 0.00155769 0.00646515 0 0 0 0 0.0143673 0.00416845 0 0.00367266 0.0139151 0 0.00171405 0 0 0.00848967 0.0118173 0 0.00647055 0 0.0134168 0.00765894 0 0.00827872 0 0.00391988 0 0 0.00570461 0 0.000599241 0 0.00357497 0.0273781 0.00540553 0 0 0.00183477 0.0187096 0
0 0.00931268 0 0.013412 0 0 0 0 0.00984968 0 0 0.00462956 0 0.0011098 0 0.00855866 0.0131256 0 0.0152845 0 0 0 0 0 0.0145248 0 0 0.0135585 0.0236431 0.00708776 0 0.00666499 0.000989816 0.0105112 0.01129 0 0 0 0 0.00501515 0.000852106 0.00253087 0 0 0.0137299 0.0154415 0.00681124 0 0.0134546 0.00804921 0 0.00216515 0 0 0.011311 0 0 0.0043318 0 0 0.000387408 0.00366128 0 0 0.0019493 0.00976485 0.00199339 0 0 0.00412712 0 0 0.0156026
0.0143209 0 0.0158871 0 0.0032181 0.00107889 0 0.0138592 0 0 0.00983916 0 0.00673361 0 0.000818847 0 0 0 0.00493069 0.00124854 0 0 0 0.0153533 0 0 0.00703902 0 0.00460692 0.0219852 0.00410901 0 0 0.00317118 0 0.0140842 0.00794448 0 0 0.0187274 0 0 0.00646418 0.00701195 0 0 0 0 0.00583645 0.00337758 0 0.0152889 0.0152778 0 0.00862487 0.00936232 0 0.00367979 0 0.0273953 0.0122664 0 0 0.00371901 0.00107393 0.00697026 0 0.0125291 0.0182601 0 0.000782071 0.00119844 0
0.00787831 0.0128419 0.00269812 0 0 0 0.0138484 0 0.0153227 0.0142393 0 0.0130541 0 0 0.006457 0 0 0.00570733 0.0115386 0 0.00695477 0.00939135 0.00587216 0 0 0.00927649 0 0 0.00437244 0 0.0298417 0 0.0105773 0.00194864 0.00811647 0 0.00295395 0 0.0188556 0.00393537 0 0.00509545 0.00281332 0 0 0 0 0 0.00240737 0 0 0.00154115 0.0116708 0.000743112 0 0 0 0 0.0096296 0.00621963 0 0 0.0188424 0.00121615 0.00691074 0 0 0 0.0140572 0 0.000922114 0 0.00111099
