Proyectos/DeforestationModel/output/vhi.asc
ncols         300
nrows         300
xllcorner     273000
yllcorner     9.548e+06
cellsize      30
NODATA_value  -9999
[rows 0 to 32 of 300, columns 219 to 291 of 300]
0.00896933 0 0 0 0.00322467 0 0.00585988 0 0 0.000732974 0.00282036 0 0.00100401 0 0.0048449 0 0 0 0.00022625 0.00326231 0.00202251 0 0.00650839 0 0.0111483 0 0 0 0 0.00752217 0 0.0208379 0 0.00960629 0.00461462 0 0 0 0.0129962 0 0 0.00203841 0.00106967 0 0 0.0101074 0.000216346 0 0 0.00886869 0.0121373 0.0114952 0 0.00155722 0.0019728 0 0 0 0.0115154 0.00683966 0 0.00295383 0.0204711 0.00292107 0 0 0 0.00537854 0 0 0.00393032 0.00864257 0.0156207
0.00186392 0.00761575 0.00331687 0.00543219 0 0.00302955 0 0 0 0 0 0.003652 0 0.0012987 0 0 0.011382 0.0201062 0.00561212 0 0 0 0 0 0.00916583 0.00450415 0.017615 0 0.0233601 0 0.021687 0 0 0 0.00117565 0.00150368 0 0.0051061 0 0.0103398 0.0099375 0.0104721 0.00469198 0 0 0.000244181 0 0 0 0.00347719 0.00764533 0 0.00238664 0 0 0 0 0 0.00769583 0 0.00235589 0.00313997 0.00269097 0 0.0040394 0.0164064 0 0.00984155 0 0.00466404 0.00271994 0 0
0 0 0.00100609 0 0.0141973 0.00756044 0.00178915 0 0 0 0.00365519 0.00782918 0.007679 0.0130088 0 0.0120371 0.0111747 0 0.0125197 0 0.00106757 0.0139817 0 0.0105947 0.00489095 0.0106341 0.00388205 0 0.0120709 0.00535122 0.000648079 0 0 0.00116558 3.68525e-05 0.00902496 0 0.0114311 0 1.34724e-05 0.010415 0 0 0.00588101 0.00364138 0 0 0.005497 0 0 0 0 0.0013443 0.00864289 0 0 0 0.00170899 0.0162779 0 0 0 0.0022423 0 0.0130508 0 0 0.00945408 0.0157425 0 0 0 0.00826466
0.00622652 0 0 0 0 0.0293659 0.000438758 0.00774072 0 0.00433472 0 0 0.00471851 0 0.000813724 0 0 0 0 0 0.00575203 0.0137316 0 0.00126743 0 0 0.00290482 0 0 0 0.0027157 0 0.0138808 0 0 0 0.00352976 0 0 0.0116085 0 0.0196512 0 0 0.00637506 0.00559167 0.0032733 0.000943172 0.0185541 0.000818509 0 0 0.0111588 0.0148805 0.0127088 0.000310254 0 0.000673426 0 0.00162633 0 0.0205759 0 0.00782189 0 0.00711954 0 0.00527537 0 0 0.00852731 0.0132521 0
0 0 0.00791188 0 0 0.0106825 0.0300954 0.000953389 0 0 0 0 0.0107256 0.00358523 0 0 0 0 0 0.00384581 0.00764606 0 0 0 0.00844907 0.0121885 0 0.00518478 0.00806081 0.0129328 0.0109542 0.00113369 0 0.000607503 0.00414104 0 0.00266483 0.00953449 0.0150014 0 0 0.0105457 0.0148852 0.0058243 0 0 0 0.00727836 0 0 0.00567208 0 0 0 0 0 0.00465467 0.00711821 0.0131295 0 0 0 0.00263396 0.00917429 0 0 0.0029033 0 0.00908913 0 0 0.00236059 0
0.00265286 0.0131141 0 0.00134814 0 0.0094884 0 0.00829567 0 0 0 0 0 0.0147174 0 0.00496386 0 0.000675891 0 0.0052387 0 0.0147828 0 0 0.000405069 0 0.00141219 0 0.006281 0 0.00268689 0 0.00522565 0.0105306 0.00168835 0.000480359 0.0006123 0.00293721 0.0122062 0 0 0 0 0 0.00690835 0.0102866 0 0.000567466 0 0 0 0 0.0166548 0 0.0128393 0.00128931 0.00138607 0.000699995 0 0 0.00245383 0 0 0.0111125 0 0.00542844 0 0.0119293 0.0267062 0.00454853 0.0127587 0.00331697 0
0.0206575 0.0148551 0 0 0.000861073 0 0.009065 0.00772091 0 0 0.00415955 0 0.00612986 0 0.00724037 0.00954806 0 0 0.0042345 0 0.00213378 0.00569967 0.0148241 0 0.00733709 0.00125456 0 0.00730399 0 0 0 0 0 0.029311 0 0.000886889 0 0.00952964 0.00322954 0.0034376 0.00684191 0 0 0.0069872 0 0.0164543 0.0101956 0.00775563 0 0 0 0.00221724 0 0 0.014067 0 0.00698199 0 0 0 0.00129952 0.00652894 0 0 0.01061 0.00502224 0.0077881 0 0 0 0.00239799 0 0.00556337
0 0.00440807 0 0.00519494 0.00812106 0.013054 0.00877592 0 0 0.00951759 0 0 0.000950292 0.00473565 0.0113162 0 0.00473435 0 0 0.000728447 0 0 0 0.00556746 0.0125588 0.00276648 0.00301804 0.0216955 0.0014225 0.0076888 0 0 0.000521675 0 0.0202527 0.00567898 0 0 0.00305185 0.00850422 0 0.00790784 0 0 0.010987 0 0 0.0125067 0.0169986 0.000678286 0 0.00141342 0.00924544 0.00145975 0 0 0 0 0 0 0 0.000708497 0.00128296 0 0.00291877 0 0.00701959 0 0 0.00478041 0.0162585 0.00427987 0.00455288
0 0 0 0.0336666 0.0027269 0 0.0171845 0.00359654 0 4.33929e-05 0 0 0.00789472 0 0 0 0 0.000361997 0.00108566 0.00288211 0 0.00913134 0 0.000215258 0 0 0 0 0 0.0112433 0 0 0.000251908 0.00152905 0 0 0 0 0 0 0.000747019 0 0 0.0131404 0.00736866 0.00130395 0.0103643 0 0.00228587 0.00546201 0.00266375 0.0104863 0.00550226 0.00681211 0 0 0 0 0.00861042 0 0.00759643 0.00571886 0.00126357 0 0.00221731 0.00323003 0.00610844 0 0.00493912 0.00909966 0 0.00625176 0
0.000628621 0 0 0 0 0 0 0.00623365 0 0.00206086 0 0 0.00804428 0.00873614 0.00393452 0.00200062 0 0 3.90912e-06 0.00863374 0.0144081 0.00321107 0 0.0168845 0.000754563 0.00673256 0.00194754 0 0 0 0.00119259 0 0.0130839 0.0131803 0.00218836 0 0.00268364 0.0152062 0.0169022 0.0149492 0.00370505 0.0165605 0 0.0169185 0.00664405 0 0 0 0 0 0.00467206 0 0 0.0060768 0.00512142 0.0123817 0.00531914 0 0 0 0 0 0.00987909 0 0.0114401 0 0 0 0 0.0122163 0 0.00614058 0
0 0 0 0 0 0 0 0.016049 0.012818 0.00305476 0 0.0028903 0.00205431 0.00122577 0 0 0 0.0133911 0 0.0157486 0.0010504 0 0.00968401 0.00238481 0.00277531 0 0.0020358 0.0227006 0 0.0124409 0 0.0129723 0 0 0.00914438 0 0 0 0.00301321 0.00197213 0 0.00221381 0 0.00397946 0 0 0.00275133 0 0.0192132 0.00943818 0.00285414 0.00821106 0 0.00076522 0 0.00657082 0 0 0.000941158 0 0.00654009 0.019585 0.00982017 0.00474494 0 0.00342575 0.0108932 0.00597541 0.00466087 0.00597066 0.0147261 0.00297457 0.0156349
0 0.00721552 0.0117984 0.00602598 0 0.00625054 0.00476058 0 0.0140114 0.00511505 0 0.023622 0 0 0.010503 0 0 0.0108999 0 0.00667592 0 0.0128116 0.00389636 0 0.0135839 0 0.00496502 0.00351879 0.0142687 0 0 0 0 0 0 0.00163833 0 0.00995446 0.0141113 0 0.00020554 0.0176471 0.00414504 0.0139141 0 0.0110615 0.00613291 0.00709379 0.0202413 0.00718392 0.00101995 0.00519967 0 0 0 0.00982531 0.0143291 0 0.00587279 0.0110102 0 0 0 0.00112831 0 0 0.00013624 0.0135856 0 0 0 0 0.0182933
0 0.000755403 0.0205728 0.00152277 0.0169861 0 0.0156728 0 0 0.00584618 0 0.00727361 0.0225556 0.000791543 0.00828393 0 0.0180158 0 0.00151431 0.00316857 0 0.0165467 0.0010652 0.00701357 0.0144012 0 0 0 0.00445638 0 0.0103451 0.00542509 0.000254517 0 0.00673285 0.0190195 0 0.00821018 0 0.00137025 0 0 0 0.0139596 0.0107426 0.00859303 0 0 0.0164908 0.00316075 0 0.0163506 0 0.00700269 0 0 0 0 0.0075962 0.00228572 0.0153643 0 0.023086 0 0 0 0 0.0276434 0.0124354 0.00923382 0.00493089 0.00613781 0.0109294
0.00913366 0.00307039 0 0 0 0.00203865 0 0 0 0.00405415 0.0128895 0 0.00587668 0.00689427 0 0.00180095 0 0 0 0 0 0.00249342 0 0 0 0 0.0128243 0 0 0.00280937 0 0 0 0.00688072 0 0 0 0 0 0 0 0.00331323 0 0.0179422 0 0.00426944 0 0.0108529 0 0 0 0 0.00644983 0.00717364 0.0114478 0.00562204 0.00906156 0 0 0 0 0 0.00594858 0 0 0.0104752 0 0.00712194 0.00471715 0.0170271 0.00942417 0.0177569 0
0.00831346 0 0 0.00614713 0.0135429 0.0115024 0 0.00669854 0.0234733 0 0.0136465 0 0.00575979 0 0.0137755 0 0.00963982 0 0.00344541 0.0139928 0 0.00593379 0.00123838 0.00108093 0 0.00180896 0 0.0180821 0 0 0.00707301 0.0136039 0.00598809 0.000238412 0 0.011671 0.011567 0 0 0 0 0 0.0129969 0.00940066 0 0 0 0 0 0.0166958 0 0.00405036 0.00345706 0.0107358 0.000359944 0.0129602 0 0.00385109 0 0 0.00466519 0.00114251 0.00335551 0.00436603 0.0135864 0 0 0 0.00841307 0 0.0202592 0 0.00790129
0.0138045 0.0045934 0.00859378 0 0 0 0 0 0.00094922 0.0104618 0.0042938 0 0 0 0 0 0 0 0 0 0 0 0 0 0 0.00112867 0 0.0120655 0.0071915 0 0.00104822 0.00440178 0 0 0 0 0.00608642 0 0 0 0.0029917 0 0.00486889 0 0 0 0 0.00126875 0.0011183 0 0.00771893 0.00504612 0.00443296 0 0 0.00191806 0.00261902 0 0 0 0 0.00558323 0.0183075 0.00593937 0.00200345 0 0.0183057 0.00802247 0 0.000354479 0.0285836 0 0
0 0.00440831 0 0 0.0103675 0 0 0.0259031 0 0 0.00637926 0.014511 0 0.0129146 0 0.010074 0.00150245 0 0 0 0 0 0 0 0.00473357 0 0.00256209 0.00947004 0 0 0 0.0145984 0.0112616 0.00491792 0.0100003 0 0.00378467 0.00841903 0 0 0 0 0.00351305 0.00527277 0 0.0061714 0.0108262 0.00048318 0 0 0.00154071 0 0 0.0139629 0.00615832 0.00225269 0 0 0.00539255 0 0 0 0.00234879 0.0026551 0 0 0.0032999 0 0 0.0216535 0 0.00548729 0
0 0.0190281 0.0175428 0.0143045 0.0149726 0 0.000972445 0.0109383 0 0.00704636 0 0.00436748 0 0 0 0 0.00945284 0.0125003 0.0115311 0 0 0.016434 0.00453489 0.00631744 0 0 0 0.00898921 0 0 0.000251357 0.00660704 0 0 0.00224427 0 0.0172258 0 0 0 0.00622801 0 0 0.00570183 0.00175883 0.00906062 0 0.000870155 0.0146286 0.00264129 0 0.00973947 0.0111673 0 0.0196191 0.0317643 0 0.0137716 0.0110502 0 0.000820923 0.0110534 0.000609729 0 0.0139908 0.0166514 0 0.00966384 0.0132649 0 0 0 0
0.00742887 0.0174328 0 0 0.00340858 0 0 0.0218627 0.00637387 0 0 0 0 0 0 0.00302595 0.00788214 0.0195768 0 0.0113501 0 0.00819138 0.00417456 0 0.0131604 0 0.0149409 0.0145052 0 0.0194059 0 0 0 0 0.00228751 0 0 0.0117444 0 0 0 0 0.0130256 0.014977 0 0.0118775 0 0.00681464 0 0.00130934 0.0209061 0.00941903 0.0151781 0 0.00544322 0.0167238 0.01089 0.0225246 0.00455713 0 0.0039071 0.0023185 0 0.0135111 0 0 0 0 0.000728734 0 0 0 0
0 0 0.00725171 0.0082344 0.000665692 0 0 0 0 0.0112534 0 0 0 0 0 0 0.0104907 0 0.0158881 0 0.00373415 0 0.00508812 0.00208458 0 0 0.00162876 0.000113406 0 0.0157485 0.0112027 0.00902295 0.00235357 0.0102903 0.0144562 0.000180307 0.00336524 0 0 0 0 0 0.00457285 0 0 0 0.00257241 0.00262616 0.00359475 0.011683 0.0137651 0.00510029 0.004153 0.00369783 9.30409e-05 0 0.00345796 0.00818982 0.00896565 0.0190895 0.00306084 0 0 0.0018826 0.00624664 0 0 0 0.00722112 0 0 0.0183497 0
0.0126478 0.0142553 0.00691567 0 0 0 0.00721481 0.00795724 0 0 0 0 0 0.00455184 0 0 0.019363 0.00224377 0.00257976 0 0 0 0.00224285 0 0.00101824 0.00113566 0.000533069 0 0 0.0192629 0 0.00342804 0 0 0 0.0251671 0.0117089 0 0 0.00857033 0 0.0157234 0 0.00232035 0 0.00298603 0 0.00923691 0 0.0182305 0.00928154 0.0223692 0 0 0.00644426 0.000964553 0.0101588 0.00404904 0.00669064 0.0141845 0 0.018428 0.00863307 0.016401 0 0 0 0.00997972 0.00160954 0 0.0112197 0 0
0 0 0 0 0 0.00182074 0 0.00612373 0.00533541 0 0 0 0.0127397 0 0 0 0.0184298 0 0 0 0.00922817 0.00184777 0.0018385 0.00492786 0.00777781 0.0106555 0.00656613 0.00242596 0 0 0 0 0.000252131 0 0 0 0 0 0.00077921 0 0.0100936 0.00291427 0 0.0083257 0 0 0 0 0.0103785 0 0.0108961 0.00945123 0.000525114 0.0239131 0.00729336 0.0219259 0.00293893 0.0152154 0.0071445 0.0199332 0 0 0 0.0168948 0 0.0115583 0 0.0023515 0 0.00616566 0.00892421 0 0
0 0 0 0.01071 0.0106453 0 0 0 0.00372704 0 0.0160734 0.0139818 0 0.00838906 0 0.00426419 0.0158946 0 0 0.00519298 0.00631491 0.0178589 0 0.0191642 0 0 0 0.00242962 0.0109983 0 0 0 0 0 0 0 0.00125412 0 0 0 0 0.00591776 0.00763005 0.00497983 0.00771131 0 0 0 0.0274269 0 0.0068684 0.0204776 0.0231418 0.0222967 0.000453827 0.00760568 0.0168275 0.000196762 0 0 0.0133503 0 0 0.00635144 0 0.0121252 0 0 0.00471227 0 0 0.00926037 0
0 0.000331499 0 0.00238016 0.0112569 0 0.0172518 0 0.0187079 0.0149795 0.0112917 0 0 0 0.00506745 0 0.00847957 0 0 0 0 0 0.00625217 0 0 0 0 0 0 0 0 0.0036816 0.011574 0.00419375 0.00600325 0.00140588 0.0106182 0.0209768 0.0013305 0.0131979 0.00461367 0 0 0.0132386 0.00691327 0 0.001829 0 0 0 0.0170234 0.0129695 0.0215957 0 0.0159927 0.0142715 0.0106982 0.00184129 0.022929 0.0118018 0.00561725 0.0100934 0 0 0.00135091 0 0.00182154 0 0 0.00844711 0 0 0.0377658
0 0 0.0207112 0 0.015031 0 0 0.00542171 9.89862e-05 0 0.00329434 0 0.0127551 0.0177899 0.0211693 0 0 0.000618858 0.00212935 0 0.0171367 0 0 0.00897489 0.011548 0 0.0149163 0 0.0100436 0.0069656 0.000253104 0.00227396 0.00614355 0 0.0107698 0 0 0.00434974 0.00359565 0.00176778 0.00272791 0.0103656 0 0 0.00972249 0.000891026 0.00125058 0.00643765 0.0116386 0 0 0.016284 0.0137028 0.00302001 0.0209029 0.0169495 0 0 0.00268649 0 0.0223061 0 0 0 0 0.0111006 0.0108358 0.00627943 0.0183233 0 0.0048181 0.0241928 0.00776582
0.00359535 0.00543267 0 0 0 0 0.0155769 0 0 0.00329325 0 0 0.0167351 0.00632251 0 0 0.00352763 0.00387572 0 0 0 0.00339907 0.0042718 0.00914 0.00513016 0.0155725 0 0.00937304 0 0 0.00149126 0 0.0059027 0 0.0008384 0 0.0126748 0 0 0.00813018 0 0 0 0 0.00175157 0 0.0082147 0.00630199 0 0.0129301 0 0.0335522 0.014348 0.0124655 0.0274371 0.0349805 0.0112414 0.0131732 0.0246613 0.00918094 0.00917208 0.0112248 0 0 0.015728 0 0 0 0.0142275 0 0 0.0231058 0.00447887
0.00801465 0.00504346 0.00631942 0.00271737 0 0.00606286 0 3.28181e-05 0 0 0.0107613 0.0164389 0.0045223 0 0.00467745 0.00884453 0 0 0.00896165 0 0.00239206 0.00546585 0 0 0.0117851 0.00144924 0 0 0 0 0.0139145 0 0 0 0.00523393 0 0 0.00263224 0 0.0334052 0.00346134 0 0 0 0.00604998 0 0 0.0226435 0.0150341 0 0.0424961 0.0293013 0.0203915 0.0269705 0.0304631 0.011307 0 0.0107931 0.00476939 0.0055989 0.0152445 0.010665 0 0 0 0.0204556 0 0.0126903 0.00441715 0 0 0.00913682 0.0237591
0.0108749 0.00483316 0 0 0.00235451 0 0 0.00357908 0 0.00188185 0 0 0.00151918 0.00368052 0 0 0 0.0175406 0.00377141 0 0.00216921 0 0 0 0.00210796 0 0.0135378 0.00137262 0 0.00185241 0 0 0.00864239 0.00155706 0 0.00859256 0 0 0 0 0.0280764 0.0134489 0 0 0.00827343 0 0.0388385 0.0122984 0.0333431 0 0.0121433 0.00519248 0.0324034 0.0261213 0 0.0122081 0.0027609 0.0232339 0 0.00751949 0.00744023 0 0.0150149 0.000992302 0 0.00346506 0 0.0171955 0.0101387 0 0 0 0.00108319
0 0.0179934 0 0.00842616 0 0.00575684 0.00387227 0.00704773 0.00418296 0 0.00175179 0.0112902 0 0.0233857 0.00257655 0.0193582 0.0181982 0 0.00693713 0 0 0 0.0101467 0 0 0.0179843 0.0144209 0 0.00125683 0.021744 0.0120124 0.00869257 0 0.00266346 0 0.00409806 0.000546936 0.00789921 0 0 0.0120571 0 0 0 0.00410551 0.00357377 0 0.0176254 0.015073 0.0159736 0.0195066 0.00195628 0.0470951 0.012495 0.010568 0 0.0208359 0.0318799 0.01082 0.0106684 0.0012878 0 0 0.00129763 0 0.0015152 0.00442854 0.00949783 0.0311459 0.000234882 0 0 0.00744829
0.000163939 0 0 0.000136142 0 0.013222 0.00165122 0.016595 0 0 0 0 0.000586339 0.00214433 0 0 0.0244117 0.00188122 0.00589717 0.0120694 0 0 0.00156835 0 0 0.0117056 0.00967739 0.010489 0.00696589 0 0.0020918 0 0 0 0.00141553 0.00992253 0.00660333 0.00752731 0.0041754 0.00193089 0 0.0280445 0.028117 0.027714 0.00320503 0 0.00549264 0 0.0191788 0.0193826 0 0.0311268 0.0126312 0.0153541 0.0120838 0.00822287 0.00601248 0.0206215 0 0.0148596 0 0.00396036 0.00671937 0.0151787 0.0137952 0 0 0.000202808 0.0167659 0.0156958 0.00199449 0 0
0 0 0.000767053 0.0194058 0 0.00743239 0.00194161 0 0.0122715 0 0 0 0 0 0.0209214 0.00694583 0.00625672 0 0 0 0 0 0 0 0 0.0117275 0 0 0 0 0 0.00594871 0.00336846 0.00247319 0.000221179 0.0155706 0.0058431 0.0119998 0.00842745 0 0.010108 0.0069534 0.0117232 0.0204418 0.0171416 0.0178688 0.00660198 0.0191477 0.0292048 0.0369546 0.0216579 0.0355522 0.0303413 0.0113484 0.0280091 0.0107449 0.0189259 0.0088687 0.0146726 0.0200214 0 0.0200923 0.0012032 0.0210932 0.00470821 0 0.00314847 0.0101818 0.0214076 0 0.00499711 0.00285803 0
0 0 0 0.00209166 0 0.00860258 0.0103331 0 0.00332863 0 0 0 0 0 0.0192738 0 0 0 0.011019 0.001857 0.00815575 0 0 0.00221474 0.0147144 0.00500804 0 0.00592652 0.00124931 0 0 0 0 0 0.00296438 0.00239728 0.0130231 0 0.00177345 0.0105079 0.00107447 0.0107687 0 0 0.0260594 0.0274112 0 0.0271348 0.0240601 0.0142932 0 0.00935828 0.0220229 0.0219859 0.00305927 0.0313578 0.0158392 0.0173526 0.00552677 0.00958359 0 0.0153772 0 0 0 0.00793574 0.00349972 0.00408125 0 0.00458581 0.00392198 0.0395742 0.0155872
0.0119865 0 0.00106281 0.00274472 0.00297104 0.00014402 0 0 0.0046645 0 0.00240399 0.0075845 8.47798e-06 0.000354546 0 0.0221244 0.0157935 0 0 0 0.00482233 0.00902077 0.00183452 0.0199833 0.000467874 0.00513355 0.00651885 0.00943652 0.0050947 0 0 0.0078425 0 0 0.00853349 0 0.000410227 0.00545391 0.0170118 0 0 0.0202659 0.0367679 0 0.0316128 0.0138695 0 0.0216557 0.0161269 0.0263693 0.0160892 0.0386946 0 0.0261696 0 0.0418693 0.0140473 0.010955 0.0159669 0 0.00598262 0.0225997 0 0.0217811 0.00678293 0 0.0114161 0.0149343 0 0.0176453 0 0 5.98073e-05
