Proyectos/DeforestationModel/output/vhi.asc
ncols         300
nrows         300
xllcorner     273000
yllcorner     9.548e+06
cellsize      30
NODATA_value  -9999
[rows 33 to 65 of 300, columns 146 to 218 of 300]
0.00286115 0 0 0.0119175 0.0171592 0 0 0 0.0034824 0 0 0.0108559 0 0.023051 0.0151813 0 0.000913043 0 0.00825491 0.00670174 0.0383101 0 0 0 0 0 0.0149887 0.011249 0.0135393 0.00392375 0.00171574 0 0.00428839 0 0 0 0 0.00138481 0 0.00741822 0.00315063 0.007277 0.000283836 0 0.00560848 0.00647757 0 0.00407347 0.00979345 0 0 0.00314836 0 0.00270943 0.0107354 0 0.0150829 0.000379625 0.0120128 0 0.00936009 0 0.00492693 0 0.00185178 0.00786174 0 0.00684409 0.000837705 0 0 0 0
0 0.00663943 0.0132121 0.00710568 0.00953773 0 0 0.00972409 0.00392369 0.00706549 0.0143542 0 0 0 0 0.0126741 0 0 0 0 0.00114822 0.010391 0.0157304 0.00141027 0.00616695 0 0 0 0 0.00224874 0 0.00708099 0.00385754 0 0.0110671 0.0212828 0 0.0065449 0.00594447 0 0.00191471 0.00093118 0.0107916 0.000745286 0 0 0 0.00335141 0 0.0109814 0.0092849 0.00592276 0 0.00576924 0.000369396 0 0 0 0.00540332 0 0 0 0.00168448 0.0065134 0.000305833 0 0 0 0 0.0164678 0.0155188 0.0011612 0
0 0.000438516 0.00356242 0.0151633 0.00320966 0 0.000783957 0.0124101 0 0.0075127 0.00862852 0.0150795 0.01115 0.00938176 0.00682509 0 0.00624941 0 0.00379622 0.00141236 0.0165771 0 0.00611311 0.00273418 0 0 0 0.00222055 0 0.00615635 0.01016 0.00820398 0.00284503 0 0.0158279 0 0 0.0083959 0 0 0.00217985 0 0.0110015 0.00814811 0.00708471 0 0 0.00084066 0.00484283 0.000273382 0 0.00424863 0.00649162 0 0.0180809 0.000607538 0 0 0.00382949 0.0112672 0 0.00024217 0.0140571 0.00900243 0.0184192 0 0.0054965 0.00871924 0.00752901 0.00414044 0 0 0.000599886
0.00493886 0 0.0171249 0.00512806 0 0 0.0120106 0.00115728 0.0219791 0 0.00651641 0.00892516 0.00573783 0 0 0 0 0 0.00745379 0.0220476 0.00097945 0 0.0146232 0 0 0 0.0131783 0 0 0.0109144 0 0 0 0 0 0.00310542 0.00909809 0.000452152 0 0.00277506 0 0 0.00064475 0 0 0.00832477 0 0 0.00136162 0 0 0.00815964 0 0 0.00131922 0 0 0.00251407 0 0.00931512 0.00131454 0 0 0.0107739 0 0.0114696 0 0 0.0152537 0.00107727 0.00011926 0 0.0196777
0.00104429 0.00043645 0.00579724 0.00618019 0.0221351 0.0233018 0.012001 0 0.00626764 0.000620827 0 0.000598227 0 0.0281492 0 0.0185313 0.000989291 0 0 0.00100875 0.0180629 0 0 0.0112792 0 0 0 0.013186 0 0 0 0 0 0 0 0 0.0106022 0 0 0.00766791 0.0209493 0.013132 0 0 0.0122931 0.0051529 0 0.0115843 0 0.0120702 0.00446817 0 0 0.0137035 0 0.0155433 0.0128814 0 0.00781661 0 0.00511073 0.00702161 0.00371391 0 0.00230925 0 0 0.00477509 0.00751386 0.0175187 0.00105503 0 0.00349289
0 0 0.0061194 0.00518593 0 0.00349418 0.0177926 0 0 0 0 0.00999969 0 0 0 0.00602527 0.00189804 0.0254394 0 0 0 0 0.00569729 0 0 0.00437304 0 0.0100427 0.0147574 0.00175733 0.00108769 0.00658957 0.00938438 0 0.00396707 0.00908056 0.00519195 0.00312339 0.00808668 0.0190446 5.51555e-05 0.0187466 0 0 0.0107803 0 0.0082589 0.010021 0.0045396 0.00685416 0.00754445 0 0.00704722 0.00302647 0.00704308 0.0056072 0.00398065 0.0166227 0 0.00320785 0 0.00895739 0 0.013712 0 0.00459044 0 0.0016938 0.00570561 0.0139368 0 0.00596503 0.0120712
0 0 0.0151276 0.00254001 0 0 0.0135891 0 0.00039514 0 0 0.00734164 0.00967697 0 0.00544105 0.0017196 0.00506564 0 0.021926 0 0.0109613 0.00775672 0.00652821 0 0 0.00348974 0 0 0 0.0143376 0.00284446 0.00674416 0.00790401 0.00311699 0.0117246 0.00430458 0 0.00892367 0.016619 0 0.0099763 0.00585531 0 0 0 0.00182677 0 0 0 0 0 0 0 0 0.00550263 0.0179838 0 0.0131553 0.017095 0.00921633 0.0165417 0 0 0.0115008 0.000526449 0.0033773 0.000458816 0 0 0.00300265 0.00508526 0.00294409 0.0231407
0 0 0 0.00631717 0 0.001874 0.00956757 0 0 0.00203242 0 0 0.0136305 0.00559994 0 0 0 0.00496014 0 0.00885415 0 0 0 0.00644237 0.0120412 0.00511052 0 0.00163663 0 0 0.0152503 0.00122058 0 0 0 0.00693429 0.00217345 0.00368583 0.00248687 0.00400744 0.00410663 0 0.0154885 0 0 0 0 0 0 0.00504929 0 0 0 0 0.00815631 0.00270835 0.00745572 0.00341064 0.00454468 0.0106265 0.00637102 0.00135455 0.0093641 0 0 0 0.0182409 0.0125446 0.00589209 0 0.00324112 0.0104683 0.00745646
0 0 0.00554652 0.00286244 0.0177847 0.0112566 0.0251075 0 0.00476021 0.00255779 0 0.010677 0 0 0 0 0 0 0.00352941 0 0 0 0 0 0.00989082 0 0 0 0 0 0 0 0.00999023 0 0 0 0 0.0163928 0 0.00269024 0 0.0169511 0.00439203 0 0 0.00874385 0 0 0 0 0 0.0110185 0.00636728 0.00554139 0.00554522 0.0130668 0.0151824 0 0 0 0.00281926 0.00324137 0.0168993 0 0.0162201 0 0 0.0156397 0.00923187 0 0.00257313 0 0
0 0.000234676 0.015939 0 0 0.0318076 0.00794426 0.0133927 0 0 0 0.00710615 0 0.0109901 0.0150541 0 0 0 0 0 0 0.0108146 0 0.00281134 0.0016942 0.00818707 0 0.0150896 0.0119651 0.00768511 0 0 0 0 0 0 0 0.00693836 0 0 0 0 0.010583 0.00223195 0 0.00587924 0.00657402 0 0 0.00366669 0.00956152 0 0 0 0 0 0.00569829 0 0.0136626 0.00819095 0.018537 0 0 0.0215174 0.00359831 0 0.00452007 0.00506285 0 0 0.0224047 0 0
0.00858076 0.00399792 0 0 0 0 0 0.000102846 0 0.0252495 0 0.0166415 0.00391178 0.0239702 0.00477959 0 0 0 0.0111206 0.0132514 0 0.0131132 0 0.0078075 0 0 0 0 0 0 0.000852705 0 0 0 0 0.00547118 0 0.000587345 0 0.00179861 0.0122014 0 0.0038904 0 0 0.0190323 0 0 0.00050386 0 0 0.0200211 0.00239111 0.000596315 0 0 0.0130412 0.00319004 0 0 0 0.00185974 0 0 0.0177851 0.0158995 0.0103528 0 0 0 0.00340672 0 0.00696041
0 0.0162693 0.000445969 0.0145455 0.000393436 0.00165543 0 0.0125367 0.0338661 0 0 0 0.00410182 0 0.00109361 0 0 0.00784276 0 0.019878 0.0188271 0.00394909 0 0 0 0 0.0102764 0.0140044 0.00527085 0.00256103 0.00759861 0 0 0 0.00241925 0.0143641 0.00483884 0.00169779 0 0.00428008 0.00559363 0 0.0112709 0 0 0.00128942 0.00123096 0.000711793 0.00941072 0.0196082 0 0 0.00450743 0 0 0.00918395 0 0 0.0013911 0.0113535 0 0.0013062 0.00344818 0.00623497 0 0.0225873 0.00439647 0.00494834 0 0 0 0.00988418 0
0 0.00906476 0.00322074 0 0.0186275 0.00902104 6.79279e-06 0 0 0.00501682 0 0 0 0 0.00240837 0 0.00852653 0.0116967 0 0.000701778 0.00652635 0.00814669 0.00202738 0.0212704 0.00531743 0.00466161 0.00924423 0.000262518 0 0.00980761 0.0109194 0 0.0169122 0 0 0 0 0.00114018 0 0.0197683 0 0 0 0 0 0 0 0 0 0.00771526 0.00371932 0.0181593 0 0 0 0 0 0.001689 0 0.0021046 0 0 0 0 0 0.00367321 0.00502863 0.00314514 0 0 0.00447657 0 0
0 0.0061129 0.00229996 0 0.00673126 0 0.0153282 0.00920469 0.0233254 0 0 0 0.00761237 0.00592909 0.0116577 0 0 0.00600033 0 0 0 0.00674341 0.00642259 0.00415199 0.00463029 0.0153937 0.00299568 0.0147531 0.012258 0 0 0.00609272 0.000845093 0.00610824 0 0 0 0.00114548 0.00262207 0 0 0 0.00495914 0 0 0.00638261 0.000916793 0 0.00136589 0 0.00124314 0 0 0 0.0116937 0.0113401 0 0 0 0.0203364 0.0171333 0.00249616 0 0.0216791 0.00216616 0.0183331 0 0.00201196 0 0.00122262 0 0 0
0 0.00264374 0.00506945 0.0164988 0.00152664 0 0 0 0.010071 0.0107207 0 0 0 0 0.00483653 0.0149959 0 0.00295491 0 0.00635898 0 0.000671534 0.00919798 0.0258032 0 0.0144658 0 0.00866841 0 0 0.00446209 0.0128381 0.0184898 0 0.00481715 0.0146865 0.000338811 0 0.00947022 0 0 0 0.00709424 0 0.00496048 0.000891397 0 0.0137787 0.00982313 0.0024456 0.0115893 0.013897 0 0 0 0 0.00512334 0 0.00274215 0.00219328 0 0 0 0 0.00233828 0.00102527 0 0.000261011 0.0011378 0.00622794 0.00726921 0 0
0.00842333 0.00375681 0.00655439 0.00847713 0 0.0262062 0.02128 0 0.0138214 0.00524449 0.00920974 0.00274086 0 0.0117626 0 0.0151962 0.0171464 0.000148004 0.00294584 0 0 0.0123144 0 0.0136643 0 0 0.00528798 0.00267308 0 0.00520528 0.00163285 0.0103745 0.0052636 0 0.00651928 0 0 0 0.0099216 0 0.00845426 0.00572926 0 0.00815254 0 0.0085061 0.00645626 0.00147353 0.00216822 0.0150416 0.015447 0 0.0112073 0 0 0 0 0.000154958 0 0 0.0214469 0.0182389 0 0.000214115 0.0160737 0 0 0 0.00240588 0.0019675 0.00822156 0 0
0 0 0.00125267 0 0 0.00288982 0 0.00269702 0.0203526 0.00286152 0 0 0 0 0 0.00775732 0 0 0.0058795 0.0186158 0.00943267 0 0 0 0.000418584 0 0 0.0083643 0.00424118 0.00674922 0.00414181 0.0106588 0 0.0105143 0.0011178 0.00544423 0 0.00599312 0.00494301 0 0 0.0043274 0 0.0019096 0.00516005 0.00473788 0 0 0.00729209 0 0 0 0.00434447 0.00254268 0 0.0071328 0 0 0 0.0262382 0 0 0.00117725 0 0 0.00336061 0.00551502 0.0102933 0 0.00923842 0.00747087 0.0139306 0.00258819
0 0.0163429 0 0.0301155 0.00439078 0 0 0.0128628 0 0.0157328 0.00202254 0.012187 0 0.0153064 0.0205968 0 0.00926236 0.0191004 0 0 0 0 0.0176962 0.00106603 0 0.00676688 0 0.0148015 0.0152585 0 0.000661831 0 0 0.00806157 0 0 0 0.00850748 0.0112194 0.00241842 0 0 0.00211714 0 0 0 0.00374179 0.0119851 0 0.00276684 0.0013508 0 0 0 0 0 0 0 0.0142084 0 0.00405058 0.0104135 0.00200954 0 0 0 0 0.0134486 0.00578953 0 0 0.0236325 0.0123979
0.00685186 0 0.00909851 0.0120239 0.00387415 0 0 0.00308291 0.00827003 0.00457021 0.0055818 0 0 0.0120371 0 0.00557214 0 0.0173156 0.0194049 0.0137705 0 0 0 0 0.00440476 0.00852581 0 0.00730782 0.00578105 0 0 0 0 0 0.0153662 0 0 0.00531395 0 0.00317463 0 0.0112517 0 0 0.00166226 0 0.0119044 0 0 0 0 0 0.00977017 0.0181877 0.00646266 0.0044763 0 0.0329787 0.00919516 0 0.00733686 0.0077773 0.0084468 0.00759738 0.00890978 0.00339794 0 0.0134105 0 0.0177116 0.000365884 0.00770063 0.00344234
0 0.00839331 0 8.31381e-05 0 0 0.000519701 0.0171276 0.0213954 0.0153622 0 0.000471485 0.0042774 0 0.0109611 0 0.0173073 0 0 0.0176944 0 0 0.00304538 0 0.00821509 0 0.00400514 0 0 0.0156147 0.0108347 0.00112126 0 0 0 0.0077002 0 0.00207326 0 0 0.00255887 0 0.0116959 0.000777821 0 0.0037708 0 0 0 0.00536155 0 0.00468525 0.00965457 0.00224843 0.00529504 0.00964619 0.00506203 0.00274545 0.00134921 0.0067669 0 0.00770785 0 0.0037363 0 0 0 0.00780362 0 0 0.00769836 0 0
0.00820787 0 0 0.011971 0.0142187 0 0.0231805 0 0.00217131 0.00320906 0 0.00439119 0.00743947 0 0.00594084 0.0201718 0 0 0.0148403 0 0 0.000234987 0.00310501 0 0.000717203 0 0 0 0 0 0.00684858 0.00380843 0 0.00144977 0.0106139 0 0 0.00743532 0 0.0209901 0 0.0133997 0.00374804 0 0 0 0 0.0174455 0 0.00807029 0 0.00677323 0.00141075 0 0.00804252 0.00358943 0.00896139 0 0 0.00624686 0.0195757 0.00192194 0 0.0170873 0 0 0.0155674 0 0 0 0 0.00904504 0.00418042
0 0 0 0 0.0107935 0.00772395 0 0 0 0 0.0128784 0 0.0084743 0 0.0191683 0.00888002 0.00831591 0.00636238 0.000297511 0.00330459 0 0 0.0204803 0.000905279 0 0 0.00289183 0.00728261 0 0.0108315 0 0.00471521 0 0.014507 0.00399747 0.000669371 0.0232162 0 0.0118026 0.00275187 0 0 0.0178602 0 0 0 0 0 0 0.00385338 0 0.00890639 0.00130123 0.00253047 0.00495507 0 0.00155455 0 0.00278121 0 0 0.00828213 0.023065 0.00499964 0 0.0108316 0.00232688 0.0102976 0.00407518 0 0.00137692 0.0104718 0
0.0126849 0 0.00744219 0 0.00106565 0.00356225 0 0 0 0 0 0.0148368 0 0.0160063 0 0.0109857 0.00454405 0 0 0 0 0 0.00754261 0 0 0 0 0 0 0.0124407 0.00378959 0.00968257 0 0.0138367 0 0.0124613 0 0 0 0 0 0 0.00267797 0 0 0.00538614 0.0184895 0.000570474 0 0 0.0151816 0 0.00598587 0.00110245 0.0130905 0 0.0198791 0 0 0 0 0 0.0117017 0.00914386 0 0.00362278 0 0.0109173 0 0 0 0 0.0135765
0.0266357 0 0 0 0.000633046 0 0 0 0.0117505 0 0 0 0.0087257 0.0145245 0 0 0.00706911 0.00614208 0.0137471 0 0 0 0.0103033 0 0.00476819 0.00744341 0.00653725 0.00384136 0 0.00298168 0 0.00100544 0.0136278 0 0 0.00246168 0.00375934 0 0.00685503 0.00226284 0 0.00337942 0 0 0 0 0 0 0.00579254 0.0010812 0 0.00577655 0.00515954 0.00724822 0.000909739 0.0152455 0 0.00448225 0 0.00891984 0.00841569 0.0029834 0 0 0 0 0 0.0175176 0 0.000602872 0.00536633 0 0.00638765
0.00577846 0 0 0.0100281 0 0.00644987 0.00405677 0.018217 0.0142862 0.00433872 0.000891385 0 0 0 0 0 0.00313238 0.00488554 0 0 0.00429489 0.00887315 0 0 0.0124103 0.00399657 0 0 0.00793845 0 0 0.0150567 0 0.00616962 0 0 0.00589342 0.00737005 0 0 0.0113484 0.00758512 0.00782472 0.000649278 0.0115364 0.0177197 0 0.00424344 0 0 0 0.00286152 0 0.00138199 0 0.00440801 0 0 0 0 0 0 0 0.0154797 0 0.0104232 0.00871911 0 0 0.0212263 0.00108271 0.00236256 0
0.00864931 0 0.00556876 0 0.00495341 0.0044185 0 0.0131087 0.000812916 0 0 0 0 0.0165085 0.00884326 0 0 0 0 0.00126405 0.0108624 0 0 0.00967405 0.010506 0 0.0244355 0.0042535 0 0 0.0203709 0.000130731 0.00819891 0 0.0059939 0 0.00304931 0 0.0101946 0.00638309 0.00144236 0 0.00303097 0 0.0149192 0.014494 0.0185863 0.0132473 0 0.0170412 0 0 0 0.000334979 0.0207214 0 0.0018393 0 0.010033 0.0189529 0 0 0.00345943 0 0.0178901 0 0 0 0 0.00811482 0.00655458 0.00256035 0.00774261
0 0 0.00025372 0 0.00314909 0 0.00330823 0 0.00511558 0 0.0155231 0 0 0.00734477 0 0 0.000526127 0 0.00090419 0.00162122 0 0 0 0.019294 0 0.00133179 0.00232513 0.00982141 0.00222745 0.00221646 0.00914333 0.0148261 0.00727888 0.00339188 0.00999157 0 0.00175999 0.00556554 0.00332453 0 0 0 0 0 0.011224 0.010248 0 0.00864198 0 0 0 0.00383715 0 0.00480845 0 0.00642343 0.0273245 0 0.00922472 0.0045915 0.00392484 0 0 0.00231944 0.00691751 0 0.00936076 0 0 0 0.000794873 0 0.00595772
0.0147814 0.00946924 0 0 0.0100065 0 0.0122592 0.011727 0 0 0.00861151 0 0.00647423 0.0165562 0.00859448 0 0 0 0 0.00572421 0.0162439 0.00139305 0 0 0 0 0.0103207 0 0.0038946 0 0.00605689 0 0 0 0.005754 0 0 0 0.010559 0 0 0 0.00105175 0 0 0.00394685 0.00807505 0.00405758 0 0 0 0 0.0250045 0 0.00405025 0 0.0113584 0 0 0 0 0.00316993 0.00085395 0 0 0.00590781 0.00771178 0 0 0 0.00925893 0 0.0175729
0 0 0 0.000332021 0.00495825 0 0 0.0132009 0 0.0132795 0 0.00472082 0.00762616 0.018564 0.00281046 0.0204756 0.00298555 0 0 0 0 0 0 0 0.009383 0 0 0.00332218 0.000117106 0 0 0 0 0 0.00451077 0 0 0.00674344 0 0.0181329 0 0.00938769 0 0 0 0 0 0.00880391 0.00468736 0 0.0124887 0 0.00648613 0 0 0 0 0.0133767 0 0 0.0102816 0 0 0.0126351 0.0125999 0.0088613 0 0.0100388 0 0.00467299 0 0.0153245 0.00494841
0.0138942 0 0 0 0 0.0108765 0.00130158 0.00399488 0.0211041 0.0126644 0.00160868 0.0043453 0 0 0 0 0 0.0126533 0 0.00377731 0.00238298 0 0.00220071 0.00717222 0 0 0 0.00788354 0 0.0193138 0 0.00236227 0.0148074 0 0 0.0127399 0.00772319 0.02047 0 0 0.0068191 0 0 0 0.0118683 0 0 0 0 0.00616008 0.0103594 0.0112139 0 0.00326499 0 0.00570148 0 0 0 0.00907894 0.00408193 0.00406957 0 0 0.00193901 0.00667166 0.018653 0 0.0138692 0 0 0.00563456 0.0117793
0.00557114 0.0125198 0.00235036 0.00335375 0 0 0.00788204 0 0.0118345 0.0192843 0.00786449 0 0.00780165 0 0.0144336 0 0 0.0196112 0.010993 0.000845276 0 0.00702497 0.00101463 0.00202483 0 0 0.0156354 0 0 0 0 0 0.00954647 0.00268053 0 0.00310974 0.00281765 0 0.0108888 0.00359468 0.0106574 0.0046026 0.00368693 0.0118296 0.00201723 0.0133291 0 0 0.00589106 0 0.0059463 0 0.00649223 0 0.0114976 0 0 0.0201424 0 0 0 0 0.00457111 0.00628063 0.0108712 0 0.00999515 0.0119156 0.0130301 0.0033564 0.00342302 0.0103438 0.00854766
0.0009936 0 0.0261333 0.000395957 0 0.0357852 0.00471768 0.0120245 0 0.00787864 0 0 0 0.00130309 0 0.016692 0 0.0141507 0 0 0 0.00118987 0 0 0 0 0.00124429 0 0 0.00192051 0 0 0.00434667 0 0 0.00954396 0 0 0 0 0 0 0 0.00282827 0.0114513 0 0.000470817 0 0.00384509 0 0 0 0 0 0 0.00160177 0 0.0124365 0.00712588 0.0192164 0 0.00573799 0.0125607 0.00123644 0.00789699 0 0 0.000976251 0 0.00127072 0 0.00307479 0
0.00200609 0 0 0.000155667 3.5997e-06 0.0211449 0 0.00303943 0.00890467 0.00154332 0 0 0 0.0166647 0 0.00457753 0 0.000854421 0.00414333 0.00142936 0 0 0.0054593 0.0121101 0.00088395 0 0.000217969 0 0.00197624 0 0.00842125 0 0.00718357 0 0 0 0 0 0 0.0113046 0 0.00866927 0 0.00085312 0 0.000389747 0.00886539 0.00199437 0.00821986 0 0.0214184 0 0 0 0.00288773 0.00166696 2.18757e-05 0 0.00842006 0.00147621 0 0.0118946 0 0.00623843 0 0 0.00471142 0.00296801 0.00947972 0.00762873 0.0168073 0 0.00406391
